7807 1273 1278
7814 1272 1279
7822 1271 1278
7830 1273 1278
7837 1273 1278
7845 1276 1279
7853 1274 1278
7860 1275 1279
7868 1274 1278
7876 1273 1278
7884 1275 1279
7891 1274 1278
7899 1272 1279
7907 1273 1278
7914 1273 1278
7922 1273 1278
7930 1274 1277
7937 1274 1278
7945 1275 1278
7953 1275 1278
7961 1275 1278
7968 1273 1278
7976 1272 1278
7984 1273 1278
7991 1273 1278
7999 1275 1278
8007 1274 1279
8015 1274 1278
8022 1275 1279
8030 1273 1278
8037 1273 1278
8045 1274 1278
8053 1272 1279
8061 1272 1278
8068 1274 1279
8076 1273 1278
8084 1274 1277
8092 1273 1277
8099 1272 1278
8107 1273 1278
8114 1275 1278
8122 1275 1278
8130 1276 1278
8138 1273 1278
8145 1274 1277
8153 1274 1279
8161 1272 1278
8168 1273 1278
8176 1275 1278
8184 1273 1279
8191 1274 1278
8199 1275 1278
8207 1275 1279
8215 1274 1279
8222 1275 1278
8230 1273 1278
8237 1272 1278
8245 1273 1278
8253 1272 1278
8261 1272 1278
8268 1274 1278
8276 1274 1278
8285 1275 1278
8293 1274 1278
8301 1273 1278
8309 1272 1279
8317 1274 1279
8326 1273 1278
8334 1273 1279
8342 1274 1278
8350 1273 1279
8358 1274 1278
8367 1273 1278
8375 1273 1278
8383 1275 1278
8391 1273 1279
8399 1275 1278
8408 1273 1278
8416 1274 1278
8424 1275 1278
8432 1274 1278
8440 1275 1279
8449 1275 1279
8457 1275 1278
8465 1274 1278
8473 1275 1279
8482 1274 1278
8490 1275 1279
8498 1275 1279
8506 1274 1277
8514 1273 1277
8523 1273 1278
8531 1271 1277
8539 1274 1277
8547 1273 1279
8555 1274 1278
8564 1273 1279
8572 1274 1278
8580 1272 1277
8588 1273 1279
8596 1272 1279
8605 1273 1278
8613 1275 1278
8621 1274 1277
8629 1274 1278
8637 1273 1278
8646 1273 1279
8654 1276 1278
8662 1275 1278
8670 1273 1277
8678 1275 1278
8687 1275 1279
8695 1275 1278
8703 1273 1278
8711 1273 1279
8719 1273 1279
8728 1274 1277
8736 1272 1279
8744 1274 1278
8752 1274 1278
8760 1273 1278
8769 1274 1278
8777 1275 1278
8785 1275 1278
8793 1273 1277
8801 1274 1278
8810 1275 1278
8818 1274 1278
8826 1273 1278
8834 1274 1278
8842 1273 1277
8851 1273 1279
8859 1274 1278
8867 1275 1278
8875 1273 1276
8883 1273 1279
8892 1273 1279
8900 1274 1279
8908 1273 1278
8916 1274 1278
8924 1272 1278
8933 1273 1278
8941 1275 1277
8949 1274 1279
8957 1276 1278
8965 1274 1278
8974 1273 1279
8982 1275 1279
8990 1273 1278
8998 1274 1279
9006 1275 1279
9015 1275 1278
9023 1274 1279
9031 1273 1279
9039 1273 1279
9047 1275 1279
9056 1274 1278
9064 1274 1278
9072 1274 1278
9080 1272 1278
9088 1274 1279
9097 1274 1278
9105 1273 1279
9113 1274 1278
9121 1274 1278
9130 1275 1279
9138 1275 1278
9146 1275 1279
9154 1275 1279
9162 1273 1278
9171 1276 1279
9179 1273 1279
9187 1274 1279
9195 1274 1277
9203 1274 1278
9212 1275 1279
9220 1273 1279
9228 1273 1279
9236 1272 1279
9244 1273 1279
9252 1275 1279
9261 1275 1279
9269 1276 1278
9277 1275 1279
9285 1274 1279
9293 1275 1279
9302 1274 1279
9310 1275 1279
9318 1274 1279
9326 1276 1278
9334 1274 1278
9342 1274 1278
9350 1275 1278
9358 1274 1278
9365 1275 1278
9373 1275 1278
9381 1275 1279
9389 1273 1279
9397 1274 1279
9405 1276 1278
9413 1274 1278
9420 1274 1279
9428 1274 1278
9436 1275 1279
9443 1274 1279
9451 1275 1278
9459 1274 1279
9467 1276 1278
9474 1275 1278
9482 1275 1278
9490 1273 1279
9497 1273 1279
9505 1273 1278
9513 1273 1279
9520 1273 1278
9528 1273 1279
9536 1273 1278
9543 1274 1278
9551 1274 1278
9559 1274 1279
9566 1275 1279
9574 1274 1278
9582 1274 1279
9590 1274 1279
9597 1274 1279
9605 1274 1279
9613 1273 1279
9620 1275 1278
9628 1275 1278
9636 1275 1278
9643 1273 1279
9651 1273 1279
9659 1274 1278
9666 1274 1278
9674 1272 1279
9682 1273 1278
9690 1274 1278
9697 1275 1278
9705 1275 1279
9713 1275 1279
9720 1274 1279
9728 1275 1279
9736 1275 1279
9743 1275 1278
9751 1273 1279
9759 1275 1278
9767 1275 1278
9774 1275 1279
9782 1276 1279
9790 1274 1279
9797 1275 1279
9805 1273 1279
9813 1275 1279
9820 1275 1279
9828 1273 1279
9836 1275 1278
9843 1273 1278
9851 1275 1279
9859 1273 1279
9866 1275 1279
9874 1274 1279
9882 1275 1279
9890 1275 1279
9897 1275 1279
9905 1276 1279
9913 1274 1279
9920 1274 1278
9928 1274 1279
9936 1275 1279
9943 1276 1279
9951 1275 1279
9959 1274 1279
9967 1274 1278
9974 1274 1278
9982 1274 1278
9990 1274 1278
9997 1275 1279
10005 1275 1279
10013 1275 1279
10021 1273 1279
10029 1275 1279
10037 1274 1278
10046 1273 1279
10054 1275 1279
10062 1274 1279
10070 1275 1279
10078 1274 1279
10087 1274 1279
10095 1274 1279
10103 1272 1279
10111 1274 1279
10119 1275 1279
10128 1272 1278
10136 1273 1279
10144 1274 1278
10152 1272 1278
10160 1273 1279
10169 1274 1279
10177 1275 1279
10185 1275 1278
10193 1274 1279
10201 1275 1279
10210 1274 1279
10218 1274 1279
10226 1274 1279
10234 1273 1278
10241 1273 1278
10250 1274 1279
10258 1274 1279
10266 1273 1278
10273 1274 1279
10281 1273 1279
10289 1275 1279
10297 1275 1279
10305 1274 1279
10313 1274 1279
10321 1274 1279
10328 1274 1279
10336 1274 1279
10344 1274 1279
10352 1274 1279
10360 1274 1278
10368 1274 1279
10375 1275 1279
10383 1275 1278
10391 1275 1279
10399 1276 1279
10407 1276 1279
10415 1273 1278
10423 1274 1279
10430 1275 1279
10438 1274 1279
10446 1273 1278
10454 1276 1278
10462 1274 1279
10470 1275 1278
10478 1273 1279
10486 1274 1279
10494 1276 1278
10502 1273 1279
10510 1274 1279
10518 1273 1278
10527 1273 1279
10535 1275 1279
10542 1275 1279
10550 1277 1279
10558 1273 1279
10567 1274 1279
10575 1276 1279
10583 1275 1279
10591 1275 1279
10599 1273 1279
10608 1273 1277
10616 1275 1278
10624 1275 1278
10632 1274 1278
10640 1275 1278
10648 1274 1278
10656 1276 1278
10664 1274 1278
10672 1274 1278
10680 1274 1279
10689 1273 1279
10697 1275 1279
10704 1274 1279
10712 1275 1279
10720 1274 1279
10728 1274 1278
10736 1273 1279
10744 1274 1279
10752 1274 1279
10760 1276 1279
10768 1276 1279
10776 1275 1279
10783 1274 1278
10791 1276 1278
10799 1274 1279
10807 1277 1279
10815 1276 1279
10823 1273 1279
10831 1274 1278
10839 1273 1279
10847 1273 1279
10854 1273 1279
10862 1273 1279
10870 1276 1279
10878 1274 1279
10886 1275 1279
10894 1276 1279
10902 1274 1278
10910 1273 1279
10918 1273 1279
10926 1273 1278
10934 1275 1279
10942 1274 1279
10950 1274 1279
10959 1274 1279
10967 1276 1279
10975 1275 1279
10983 1275 1279
10991 1274 1279
11000 1275 1279
11008 1274 1279
11016 1274 1279
11024 1274 1279
11032 1275 1279
11041 1276 1279
11049 1274 1279
11057 1274 1279
11065 1274 1279
11073 1275 1279
11082 1273 1279
11090 1274 1279
11098 1273 1278
11107 1274 1279
11115 1274 1279
11123 1273 1279
11131 1274 1279
11139 1276 1278
11148 1272 1277
11156 1274 1278
11164 1275 1279
11172 1273 1279
11180 1274 1279
11189 1272 1279
11197 1274 1279
11205 1276 1279
11213 1276 1278
11221 1277 1279
11230 1274 1279
11238 1275 1279
11246 1275 1279
11254 1275 1279
11262 1275 1278
11271 1276 1278
11279 1275 1279
11287 1276 1278
11295 1275 1279
11303 1275 1278
11312 1273 1279
11320 1276 1279
11328 1275 1279
11336 1275 1279
11345 1274 1279
11353 1275 1279
11361 1274 1279
11369 1275 1279
11377 1275 1279
11386 1275 1279
11394 1275 1278
11402 1276 1279
11410 1274 1279
11418 1274 1279
11427 1274 1279
11435 1273 1279
11443 1276 1279
11451 1275 1279
11459 1274 1279
11468 1275 1279
11476 1274 1279
11484 1275 1279
11492 1273 1279
11500 1273 1279
11509 1273 1279
11517 1274 1279
11525 1276 1279
11533 1275 1279
11541 1275 1279
11550 1275 1279
11558 1274 1279
11566 1274 1279
11574 1273 1279
11582 1274 1279
11591 1274 1278
11599 1275 1279
11607 1274 1279
11615 1274 1278
11623 1275 1279
11632 1275 1279
11640 1276 1278
11648 1276 1279
11656 1276 1279
11664 1274 1279
11673 1276 1279
11681 1276 1279
11688 1271 1278
11696 1276 1279
11704 1275 1279
11712 1274 1278
11720 1274 1278
11728 1275 1278
11736 1273 1279
11744 1274 1279
11752 1273 1279
11760 1274 1279
11767 1274 1279
11775 1274 1279
11783 1274 1279
11791 1274 1279
11799 1274 1279
11807 1274 1279
11815 1274 1278
11822 1274 1279
11830 1275 1279
11838 1274 1279
11846 1275 1279
11854 1272 1278
11862 1274 1279
11870 1275 1279
11877 1276 1279
11886 1277 1279
11893 1274 1279
11901 1275 1279
11909 1276 1279
11917 1277 1279
11925 1274 1279
11932 1276 1279
11940 1276 1279
11947 1276 1279
11955 1274 1279
11963 1275 1279
11971 1276 1279
11979 1275 1279
11986 1274 1279
11994 1275 1279
12002 1276 1279
12010 1276 1279
12018 1275 1279
12026 1274 1279
12033 1275 1279
12042 1274 1279
12050 1276 1279
12057 1276 1279
12065 1276 1279
12073 1275 1279
12081 1274 1279
12089 1275 1279
12096 1274 1279
12104 1275 1279
12111 1275 1279
12119 1274 1278
12127 1274 1279
12135 1276 1279
12142 1275 1279
12150 1275 1279
12158 1275 1279
12166 1274 1279
12173 1275 1279
12181 1273 1279
12189 1275 1279
12196 1275 1279
12204 1276 1279
12212 1275 1279
12219 1276 1279
12227 1274 1279
12234 1275 1279
12242 1274 1279
12250 1275 1279
12258 1274 1279
12265 1274 1279
12273 1274 1279
12281 1276 1279
12289 1274 1279
12296 1274 1279
12304 1275 1279
12311 1273 1277
12319 1277 1279
12327 1274 1279
12335 1276 1279
12342 1275 1279
12350 1273 1279
12358 1276 1279
12365 1274 1279
12373 1275 1279
12381 1277 1279
12388 1275 1279
12396 1274 1279
12404 1275 1279
12412 1275 1279
12419 1275 1279
12427 1275 1278
12434 1274 1279
12442 1275 1279
12450 1275 1279
12458 1276 1279
12465 1275 1279
12473 1275 1279
12481 1275 1279
12489 1274 1279
12497 1274 1279
12505 1275 1279
12513 1275 1279
12520 1276 1279
12528 1273 1279
12536 1274 1279
12545 1274 1279
12553 1274 1279
12561 1274 1279
12569 1274 1279
12577 1275 1279
12586 1276 1279
12594 1274 1279
12602 1276 1279
12610 1275 1279
12619 1274 1279
12627 1275 1279
12635 1275 1279
12643 1276 1279
12651 1273 1279
12660 1276 1279
12668 1275 1279
12676 1274 1279
12684 1274 1279
12692 1275 1279
12701 1275 1279
12709 1274 1279
12717 1274 1279
12725 1277 1279
12733 1276 1279
12742 1275 1279
12750 1276 1279
12758 1274 1279
12766 1275 1279
12774 1275 1279
12783 1276 1279
12791 1274 1279
12799 1274 1279
12807 1276 1279
12815 1276 1279
12824 1276 1279
12832 1276 1279
12840 1274 1279
12848 1275 1279
12856 1274 1279
12865 1275 1279
12873 1274 1279
12881 1275 1279
12889 1274 1279
12897 1274 1279
12905 1274 1279
12913 1275 1279
12921 1275 1279
12929 1276 1279
12937 1274 1279
12945 1275 1279
12953 1275 1279
12961 1276 1279
12968 1275 1279
12976 1277 1279
12984 1276 1279
12992 1274 1279
13000 1276 1279
13007 1274 1279
13015 1276 1279
13023 1275 1279
13031 1277 1279
13038 1275 1279
13046 1275 1279
13054 1275 1279
13061 1277 1279
13069 1276 1279
13077 1275 1279
13085 1276 1279
13093 1275 1279
13100 1274 1278
13108 1274 1279
13116 1275 1279
13123 1274 1279
13131 1275 1279
13139 1276 1279
13146 1275 1279
13154 1274 1279
13162 1274 1279
13169 1275 1279
13177 1275 1279
13185 1274 1279
13193 1274 1279
13200 1275 1279
13208 1275 1279
13216 1275 1279
13223 1276 1279
13231 1275 1279
13239 1274 1279
13246 1276 1278
13254 1276 1279
13262 1274 1279
13270 1275 1279
13277 1274 1279
13285 1274 1279
13293 1274 1279
13301 1276 1279
13308 1273 1279
13316 1274 1279
13324 1274 1279
13332 1275 1279
13340 1277 1279
13348 1277 1279
13356 1274 1279
13364 1276 1279
13372 1274 1279
13379 1277 1279
13387 1277 1279
13395 1276 1279
13403 1274 1279
13411 1276 1279
13419 1272 1279
13426 1276 1279
13434 1275 1279
13443 1273 1279
13451 1276 1279
13459 1275 1279
13467 1274 1279
13475 1274 1279
13484 1274 1278
13492 1274 1279
13500 1276 1279
13508 1275 1279
13516 1275 1279
13525 1275 1279
13533 1276 1279
13541 1276 1279
13549 1275 1279
13558 1276 1279
13566 1275 1279
13574 1274 1279
13582 1275 1279
13590 1276 1279
13599 1276 1279
13607 1275 1279
13615 1276 1279
13623 1276 1279
13631 1273 1279
13640 1274 1279
13648 1275 1279
13656 1274 1279
13663 1276 1279
13671 1275 1279
13680 1275 1279
13688 1274 1279
13696 1275 1279
13704 1275 1279
13712 1274 1279
13720 1276 1279
13728 1275 1279
13735 1274 1279
13743 1275 1279
13751 1275 1279
13759 1273 1279
13767 1275 1279
13775 1274 1279
13782 1276 1279
13790 1274 1279
13798 1274 1279
13806 1274 1279
13814 1276 1279
13821 1276 1279
13829 1274 1279
13837 1275 1279
13845 1274 1279
13853 1276 1279
13860 1276 1279
13868 1276 1279
13876 1275 1279
13884 1275 1279
13892 1274 1279
13900 1275 1279
13907 1276 1279
13915 1274 1279
13923 1276 1279
13931 1277 1279
13939 1276 1279
13947 1276 1279
13955 1275 1279
13964 1274 1279
13972 1275 1279
13980 1275 1279
13988 1275 1279
13996 1276 1279
14005 1275 1279
14013 1275 1279
14021 1275 1279
14029 1275 1279
14037 1276 1279
14046 1274 1279
14053 1274 1279
14061 1275 1279
14069 1275 1279
14077 1276 1279
14086 1276 1279
14094 1277 1279
14102 1274 1279
14110 1277 1279
14118 1274 1279
14127 1276 1279
14134 1274 1279
14142 1275 1279
14150 1277 1279
14158 1276 1279
14166 1274 1279
14174 1274 1279
14182 1274 1279
14190 1276 1279
14198 1274 1279
14206 1275 1279
14213 1275 1279
14221 1274 1278
14229 1276 1279
14237 1275 1279
14245 1276 1279
14253 1276 1279
14261 1275 1279
14269 1276 1279
14276 1274 1279
14284 1275 1279
14292 1276 1279
14300 1275 1279
14308 1277 1279
14316 1276 1279
14324 1277 1279
14332 1277 1279
14340 1276 1279
14348 1277 1279
14356 1275 1279
14364 1275 1279
14371 1276 1279
14379 1276 1279
14388 1274 1278
14395 1274 1279
14403 1274 1279
14411 1274 1279
14419 1275 1279
14427 1275 1279
14435 1276 1279
14443 1274 1279
14450 1276 1279
14458 1277 1279
14467 1277 1279
14474 1276 1279
14482 1276 1279
14490 1276 1279
14498 1276 1279
14506 1276 1279
14514 1277 1279
14521 1275 1279
14529 1274 1279
14537 1275 1279
14545 1274 1279
14553 1277 1279
14561 1277 1279
14569 1276 1279
14576 1276 1279
14584 1276 1279
14592 1276 1279
14599 1275 1279
14607 1274 1279
14615 1276 1279
14623 1275 1279
14631 1274 1279
14639 1277 1279
14647 1276 1279
14654 1276 1279
14662 1277 1279
14670 1276 1279
14677 1275 1279
14685 1276 1279
14693 1276 1279
14700 1275 1279
14708 1274 1279
14716 1275 1279
14723 1276 1279
14731 1276 1279
14739 1273 1279
14747 1275 1279
14754 1277 1279
14762 1277 1279
14770 1275 1279
14777 1277 1279
14785 1275 1279
14793 1276 1279
14800 1277 1279
14808 1275 1279
14816 1276 1279
14824 1274 1279
14831 1275 1279
14839 1274 1279
14847 1276 1279
14854 1275 1279
14862 1275 1279
14870 1275 1279
14877 1275 1279
14885 1275 1279
14893 1275 1279
14900 1275 1279
14908 1275 1279
14916 1276 1279
14923 1277 1279
14931 1276 1279
14939 1274 1279
14947 1274 1279
14954 1276 1279
14962 1276 1279
14970 1275 1279
14978 1275 1279
14986 1277 1279
14994 1277 1279
15002 1275 1279
15009 1275 1279
15017 1275 1279
15025 1276 1279
15033 1274 1279
15041 1276 1279
15049 1275 1279
15057 1275 1279
15065 1276 1278
15073 1276 1279
15081 1274 1279
15088 1275 1279
15096 1275 1279
15104 1275 1279
15112 1275 1279
15120 1276 1279
15128 1275 1279
15136 1278 1279
15143 1276 1279
15151 1276 1279
15159 1275 1279
15167 1274 1279
15175 1276 1279
15183 1276 1279
15191 1276 1279
15199 1277 1279
15206 1276 1279
15214 1275 1279
15222 1276 1279
15230 1275 1279
15238 1276 1279
15246 1274 1279
15253 1275 1279
15261 1275 1279
15269 1275 1279
15277 1276 1279
15285 1274 1279
15292 1275 1279
15300 1274 1279
15308 1276 1279
15316 1276 1279
15323 1276 1279
15331 1275 1279
15339 1274 1279
15346 1275 1278
15354 1275 1279
15362 1277 1279
15369 1277 1279
15377 1279 1279
15385 1276 1279
15392 1276 1279
15400 1275 1279
15408 1277 1279
15415 1275 1279
15423 1277 1279
15431 1276 1279
15439 1277 1279
15446 1276 1279
15454 1276 1279
15462 1276 1279
15469 1276 1279
15477 1274 1279
15485 1275 1279
15492 1277 1279
15500 1273 1279
15508 1275 1279
15516 1274 1279
15523 1277 1279
15531 1275 1279
15539 1276 1279
15546 1277 1279
15554 1277 1279
15562 1276 1279
15570 1275 1279
15577 1276 1279
15585 1276 1279
15592 1277 1279
15600 1275 1279
15608 1275 1279
15616 1277 1279
15623 1277 1279
15631 1277 1279
15639 1275 1279
15646 1276 1279
15654 1276 1279
15662 1277 1279
15669 1276 1279
15677 1276 1279
15685 1276 1279
15692 1274 1279
15700 1276 1279
15708 1275 1279
15716 1276 1279
15723 1274 1279
15731 1275 1279
15739 1275 1279
15747 1277 1279
15755 1276 1279
15762 1274 1279
15770 1276 1279
15778 1278 1279
15785 1275 1279
15793 1277 1279
15801 1274 1278
15808 1275 1279
15816 1277 1279
15824 1276 1279
15831 1276 1279
15839 1275 1279
15847 1277 1279
15855 1275 1279
15862 1275 1279
15870 1275 1279
15878 1276 1279
15885 1276 1279
15893 1276 1279
15901 1275 1279
15908 1274 1279
15916 1276 1279
15924 1275 1279
15932 1274 1279
15940 1275 1279
15948 1276 1279
15956 1274 1279
15963 1275 1279
15971 1276 1279
15979 1277 1279
15987 1276 1279
15995 1276 1279
16003 1277 1279
16011 1275 1279
16019 1277 1279
16027 1277 1279
16035 1276 1279
16043 1275 1279
16051 1276 1279
16059 1275 1279
16068 1277 1279
16076 1274 1279
16084 1274 1279
16092 1278 1279
16100 1276 1279
16108 1276 1279
16116 1274 1279
16124 1274 1279
16132 1275 1279
16140 1276 1279
16149 1277 1279
16157 1275 1279
16165 1276 1279
16173 1275 1279
16181 1275 1279
16189 1277 1279
16197 1277 1279
16205 1277 1279
16213 1275 1279
16221 1275 1279
16230 1275 1279
16238 1274 1279
16246 1276 1279
16254 1276 1279
16262 1276 1279
16271 1277 1279
16279 1276 1279
16287 1275 1279
16295 1277 1279
16303 1276 1279
16312 1276 1279
16320 1277 1279
16328 1276 1279
16336 1275 1279
16345 1277 1279
16353 1275 1279
16361 1274 1279
16369 1277 1279
16377 1276 1279
16386 1276 1279
16394 1277 1279
16402 1274 1279
16410 1275 1279
16418 1274 1279
16427 1277 1279
16435 1277 1279
16443 1277 1279
16451 1275 1279
16459 1277 1279
16468 1277 1279
16476 1277 1279
16484 1276 1279
16492 1275 1279
16500 1277 1279
16509 1276 1279
16517 1276 1279
16525 1275 1279
16533 1277 1279
16542 1276 1279
16550 1275 1279
16558 1275 1279
16566 1277 1279
16574 1276 1279
16583 1277 1279
16591 1277 1279
16599 1276 1279
16607 1276 1279
16615 1275 1279
16624 1276 1279
16632 1276 1279
16640 1278 1279
16648 1276 1279
16656 1275 1279
16665 1275 1279
16673 1276 1279
16681 1276 1279
16689 1276 1279
16697 1276 1279
16706 1275 1279
16714 1274 1278
16722 1276 1279
16730 1277 1279
16738 1276 1279
16747 1277 1279
16755 1277 1279
16763 1277 1279
16771 1276 1279
16779 1275 1279
16788 1275 1279
16796 1275 1279
16804 1275 1279
16812 1275 1279
16820 1276 1279
16829 1275 1279
16837 1276 1279
16845 1275 1279
16853 1275 1279
16861 1276 1279
16870 1275 1279
16878 1277 1279
16886 1275 1279
16894 1275 1279
16902 1275 1279
16911 1276 1279
16919 1275 1279
16927 1275 1279
16935 1275 1279
16943 1276 1279
16952 1277 1279
16960 1276 1279
16968 1275 1279
16976 1277 1279
16984 1277 1279
16993 1276 1279
17001 1276 1279
17009 1276 1279
17017 1278 1279
17025 1274 1279
17034 1276 1279
17042 1276 1279
17050 1276 1279
17058 1277 1279
17066 1277 1279
17075 1277 1279
17083 1276 1279
17091 1275 1279
17099 1277 1279
17107 1275 1279
17116 1277 1279
17124 1277 1279
17132 1276 1279
17140 1276 1279
17148 1275 1279
17157 1276 1279
17164 1276 1279
17172 1277 1279
17180 1275 1279
17188 1276 1279
17196 1278 1279
17204 1277 1279
17212 1277 1279
17219 1277 1279
17227 1276 1279
17236 1277 1279
17244 1276 1279
17251 1275 1279
17259 1276 1279
17267 1277 1279
17275 1275 1279
17283 1275 1279
17291 1276 1279
17298 1276 1279
17306 1276 1279
17314 1275 1279
17322 1277 1279
17330 1275 1279
17338 1277 1279
17345 1277 1279
17353 1275 1279
17361 1275 1279
17369 1277 1279
17377 1276 1279
17384 1277 1279
17392 1275 1279
17400 1277 1279
17408 1276 1279
17415 1276 1279
17423 1276 1279
17431 1276 1279
17439 1278 1279
17447 1275 1279
17454 1277 1279
17462 1276 1279
17469 1277 1279
17477 1277 1279
17485 1276 1279
17493 1275 1279
17501 1276 1279
17508 1276 1279
17516 1277 1279
17524 1275 1279
17532 1275 1279
17539 1276 1279
17547 1277 1279
17555 1277 1279
17562 1277 1279
17570 1276 1279
17578 1274 1279
17585 1275 1279
17593 1276 1279
17601 1277 1279
17609 1275 1279
17616 1276 1279
17624 1276 1279
17632 1277 1279
17639 1277 1279
17647 1276 1279
17655 1274 1279
17662 1277 1279
17670 1276 1279
17678 1277 1279
17685 1275 1279
17693 1278 1279
17701 1277 1279
17708 1277 1279
17716 1276 1279
17724 1277 1279
17732 1275 1279
17739 1276 1279
17747 1275 1279
17755 1275 1279
17762 1277 1279
17770 1278 1279
17778 1277 1279
17785 1276 1279
17793 1277 1279
17801 1276 1279
17809 1276 1279
17816 1277 1279
17824 1276 1279
17831 1275 1279
17839 1277 1279
17847 1275 1279
17855 1276 1279
17862 1278 1279
17870 1276 1279
17878 1275 1279
17885 1275 1279
17893 1276 1279
17901 1275 1279
17908 1275 1279
17916 1276 1279
17924 1276 1279
17932 1275 1279
17939 1277 1279
17947 1277 1279
17954 1275 1279
17962 1277 1279
17970 1277 1279
17978 1276 1279
17985 1276 1279
17993 1277 1279
18001 1276 1279
18008 1278 1279
18016 1277 1279
18024 1275 1279
18031 1277 1279
18039 1278 1279
18047 1277 1279
18055 1277 1279
18062 1277 1279
18070 1275 1279
18078 1275 1279
18086 1277 1279
18094 1275 1279
18102 1277 1279
18110 1275 1279
18117 1277 1279
18125 1276 1279
18133 1276 1279
18141 1277 1279
18149 1276 1279
18157 1275 1279
18165 1276 1279
18173 1277 1279
18181 1276 1279
18189 1275 1279
18196 1276 1279
18204 1276 1279
18212 1276 1279
18220 1277 1279
18228 1277 1279
18236 1277 1279
18244 1277 1279
18252 1275 1279
18259 1277 1279
18267 1277 1279
18275 1275 1279
18283 1275 1279
18291 1276 1279
18299 1276 1279
18307 1275 1279
18314 1275 1279
18322 1278 1279
18330 1276 1279
18338 1276 1279
18346 1275 1279
18353 1276 1279
18361 1276 1279
18369 1276 1279
18377 1277 1279
18385 1275 1279
18393 1278 1279
18401 1276 1279
18408 1277 1279
18416 1276 1279
18424 1278 1279
18432 1276 1279
18440 1278 1279
18448 1278 1279
18456 1277 1279
18463 1278 1279
18471 1276 1279
18479 1276 1279
18487 1277 1279
18494 1278 1279
18502 1277 1279
18510 1275 1279
18518 1277 1279
18526 1277 1279
18533 1277 1279
18541 1274 1279
18549 1277 1279
18557 1275 1279
18565 1276 1279
18572 1276 1279
18580 1277 1279
18588 1277 1279
18596 1276 1279
18604 1277 1279
18612 1275 1279
18619 1275 1279
18627 1277 1279
18635 1277 1279
18643 1277 1279
18651 1275 1279
18659 1276 1279
18667 1276 1279
18674 1275 1279
18682 1277 1279
18690 1276 1279
18698 1277 1279
18706 1276 1279
18714 1277 1279
18721 1276 1279
18729 1275 1279
18737 1277 1279
18745 1276 1279
18753 1277 1279
18760 1276 1279
18768 1276 1279
18776 1276 1279
18784 1275 1279
18791 1275 1279
18799 1275 1279
18807 1277 1279
18814 1277 1279
18822 1275 1279
18830 1276 1279
18838 1274 1279
18845 1278 1279
18853 1277 1279
18860 1277 1279
18868 1278 1279
18876 1277 1279
18884 1278 1279
18891 1276 1279
18899 1276 1279
18907 1275 1279
18914 1275 1279
18922 1276 1279
18930 1276 1279
18937 1276 1279
18945 1277 1279
18953 1277 1279
18961 1275 1279
18968 1275 1279
18976 1277 1279
18984 1275 1279
18991 1277 1279
18999 1278 1279
19007 1276 1279
19014 1277 1279
19022 1276 1279
19030 1277 1279
19038 1275 1279
19045 1277 1279
19053 1275 1279
19061 1277 1279
19068 1278 1279
19076 1276 1279
19084 1275 1279
19091 1277 1279
19099 1276 1279
19107 1276 1279
19114 1277 1279
19122 1276 1279
19130 1276 1279
19137 1277 1279
19145 1276 1279
19153 1277 1279
19160 1276 1279
19168 1277 1279
19175 1277 1279
19183 1275 1279
19191 1277 1279
19199 1276 1279
19206 1276 1279
19214 1277 1279
19221 1276 1279
19229 1276 1279
19237 1277 1279
19244 1277 1279
19252 1275 1279
19259 1277 1279
19267 1277 1279
19274 1275 1279
19282 1276 1279
19289 1274 1279
19297 1275 1279
19304 1277 1279
19312 1275 1279
19320 1275 1279
19327 1277 1279
19334 1277 1279
19342 1275 1279
19350 1276 1279
19357 1275 1279
19365 1277 1279
19372 1275 1279
19380 1277 1279
19387 1277 1279
19395 1277 1279
19403 1277 1279
19410 1278 1279
19417 1276 1279
19425 1277 1279
19433 1276 1279
19440 1276 1279
19448 1277 1279
19455 1275 1279
19463 1277 1279
19471 1277 1279
19478 1276 1279
19486 1276 1279
19494 1276 1279
19501 1275 1279
19509 1277 1279
19517 1277 1279
19524 1276 1279
19532 1276 1279
19540 1275 1279
19547 1277 1279
19555 1278 1279
19563 1278 1279
19571 1277 1279
19578 1275 1279
19586 1277 1279
19594 1277 1279
19601 1276 1279
19609 1276 1279
19617 1277 1279
19624 1276 1279
19632 1275 1279
19640 1277 1279
19647 1277 1279
19655 1276 1279
19663 1276 1279
19671 1278 1279
19678 1278 1279
19686 1275 1279
19694 1276 1279
19701 1277 1279
19709 1275 1279
19717 1276 1279
19724 1276 1279
19732 1276 1279
19740 1276 1279
19747 1277 1279
19755 1278 1279
19763 1278 1279
19771 1279 1279
19778 1277 1279
19786 1278 1279
19794 1276 1279
19801 1276 1279
19809 1275 1279
19817 1275 1279
19824 1276 1279
19832 1276 1279
19840 1277 1279
19847 1277 1279
19855 1276 1279
19863 1276 1279
19870 1278 1279
19878 1275 1279
19886 1275 1279
19894 1275 1279
19901 1275 1279
19909 1277 1279
19917 1277 1279
19924 1277 1279
19932 1276 1279
19940 1277 1279
19948 1277 1279
19955 1277 1279
19963 1275 1279
19970 1277 1279
19979 1276 1279
19986 1276 1279
19994 1276 1279
20002 1276 1279
20010 1276 1279
20018 1277 1279
20026 1276 1279
20034 1279 1279
20041 1277 1279
20049 1279 1279
20057 1277 1279
20065 1277 1279
20073 1277 1279
20080 1275 1279
20088 1275 1279
20096 1277 1279
20104 1276 1279
20112 1275 1279
20119 1276 1279
20127 1277 1279
20135 1276 1279
20142 1277 1279
20150 1278 1279
20158 1276 1279
20165 1275 1279
20173 1277 1279
20181 1276 1279
20189 1276 1279
20196 1275 1279
20204 1277 1279
20211 1277 1279
20219 1277 1279
20227 1277 1279
20235 1276 1279
20242 1276 1279
20250 1276 1279
20258 1278 1279
20266 1275 1279
20273 1276 1279
20281 1276 1279
20288 1278 1279
20296 1276 1279
20304 1275 1279
20312 1276 1279
20319 1276 1279
20327 1277 1279
20335 1278 1279
20342 1275 1279
20350 1276 1279
20358 1276 1279
20365 1277 1279
20373 1276 1279
20381 1276 1279
20389 1276 1279
20396 1276 1279
20404 1276 1279
20411 1275 1279
20419 1275 1279
20427 1276 1279
20435 1276 1279
20442 1278 1279
20450 1276 1279
20458 1277 1279
20465 1276 1279
20473 1276 1279
20481 1276 1279
20488 1276 1279
20496 1275 1279
20504 1277 1279
20512 1277 1279
20519 1276 1279
20527 1275 1279
20534 1276 1279
20542 1277 1279
20550 1275 1279
20558 1277 1279
20565 1277 1279
20573 1276 1279
20581 1277 1279
20589 1276 1279
20596 1276 1279
20604 1277 1279
20611 1276 1279
20619 1277 1279
20627 1278 1279
20635 1277 1279
20642 1278 1279
20650 1276 1279
20658 1277 1279
20665 1277 1279
20673 1277 1279
20681 1277 1279
20688 1276 1279
20696 1276 1279
20704 1278 1279
20712 1278 1279
20719 1277 1279
20727 1275 1279
20734 1277 1279
20742 1278 1279
20750 1276 1279
20758 1277 1279
20765 1276 1279
20773 1275 1279
20781 1276 1279
20788 1276 1279
20796 1276 1279
20804 1277 1279
20811 1277 1279
20819 1278 1279
20827 1278 1279
20835 1276 1279
20842 1276 1279
20850 1277 1279
20858 1277 1279
20866 1276 1279
20874 1276 1279
20881 1276 1279
20889 1276 1279
20897 1277 1279
20905 1277 1279
20913 1278 1279
20921 1276 1279
20928 1278 1279
20936 1277 1279
20944 1277 1279
20952 1279 1279
20960 1277 1279
20967 1276 1279
20975 1278 1279
20983 1277 1279
20991 1277 1279
20999 1278 1279
21007 1277 1279
21014 1277 1279
21022 1277 1279
21030 1277 1279
21037 1277 1279
21045 1278 1279
21053 1276 1279
21060 1277 1279
21068 1276 1279
21076 1276 1279
21084 1276 1279
21091 1278 1279
21099 1276 1279
21107 1277 1279
21114 1277 1279
21122 1277 1279
21130 1279 1279
21137 1278 1279
21145 1278 1279
21153 1277 1279
21160 1276 1279
21168 1276 1279
21176 1276 1279
21184 1277 1279
21191 1276 1279
21199 1276 1279
21207 1276 1279
21215 1275 1279
21223 1275 1279
21230 1277 1279
21238 1275 1279
21246 1278 1279
21254 1277 1279
21262 1278 1279
21270 1276 1279
21277 1278 1279
21285 1276 1279
21293 1277 1279
21301 1277 1279
21309 1276 1279
21317 1277 1279
21325 1277 1279
21332 1277 1279
21340 1276 1279
21348 1275 1279
21356 1277 1279
21364 1276 1279
21372 1277 1279
21380 1278 1279
21387 1277 1279
21395 1277 1279
21402 1278 1279
21410 1276 1279
21418 1276 1279
21426 1276 1279
21433 1277 1279
21441 1277 1279
21449 1276 1279
21456 1277 1279
21464 1277 1279
21472 1276 1279
21479 1277 1279
21487 1277 1279
21495 1278 1279
21503 1277 1279
21510 1279 1279
21518 1278 1279
21525 1277 1279
21533 1277 1279
21541 1276 1279
21549 1276 1279
21556 1277 1279
21564 1276 1279
21572 1277 1279
21579 1277 1279
21587 1278 1279
21595 1277 1279
21603 1278 1279
21611 1277 1279
21619 1278 1279
21627 1276 1279
21635 1278 1279
21643 1279 1279
21651 1276 1279
21660 1278 1279
21668 1278 1279
21676 1277 1279
21684 1276 1279
21693 1277 1279
21701 1275 1279
21709 1278 1279
21717 1277 1279
21725 1277 1279
21734 1278 1279
21742 1277 1279
21750 1279 1279
21758 1278 1279
21766 1277 1279
21775 1277 1279
21783 1276 1279
21791 1276 1279
21799 1277 1279
21807 1276 1279
21816 1278 1279
21824 1277 1279
21832 1279 1279
21840 1277 1279
21848 1277 1279
21857 1277 1279
21865 1278 1279
21873 1277 1279
21881 1279 1279
21889 1276 1279
21898 1276 1279
21906 1276 1279
21914 1278 1279
21922 1278 1279
21930 1278 1279
21939 1277 1279
21947 1278 1279
21955 1278 1279
21963 1277 1279
21971 1276 1279
21980 1276 1279
21988 1276 1279
21996 1277 1279
22004 1278 1279
22012 1277 1279
22021 1279 1279
22029 1276 1279
22037 1278 1279
22045 1276 1279
22053 1278 1279
22062 1275 1279
22070 1277 1279
22078 1278 1279
22086 1278 1279
22095 1276 1279
22103 1276 1279
22111 1277 1279
22119 1276 1279
22127 1277 1279
22136 1278 1279
22144 1277 1279
22152 1277 1279
22160 1277 1279
22168 1279 1279
22177 1277 1279
22185 1277 1279
22193 1277 1279
22201 1275 1279
22209 1276 1279
22217 1275 1279
22225 1277 1279
22233 1276 1279
22240 1275 1279
22248 1275 1279
22256 1276 1279
22264 1277 1279
22272 1276 1279
22280 1276 1279
22288 1276 1279
22296 1276 1279
22304 1277 1279
22311 1276 1279
22319 1275 1279
22326 1276 1279
22335 1277 1279
22342 1277 1279
22350 1277 1279
22357 1277 1279
22365 1275 1279
22373 1276 1279
22381 1278 1279
22389 1275 1279
22397 1276 1279
22405 1275 1279
22413 1276 1279
22422 1277 1279
22430 1277 1279
22438 1275 1279
22446 1276 1279
22454 1276 1279
22462 1277 1279
22470 1277 1279
22478 1275 1279
22486 1277 1279
22494 1277 1279
22502 1276 1279
22510 1276 1279
22518 1276 1279
22526 1277 1279
22534 1276 1279
22542 1278 1279
22550 1276 1279
22558 1277 1279
22566 1276 1279
22574 1277 1279
22582 1278 1279
22589 1277 1279
22597 1278 1279
22605 1276 1279
22613 1274 1279
22621 1275 1279
22628 1276 1279
22636 1277 1279
22644 1276 1279
22651 1278 1279
22659 1276 1279
22667 1277 1279
22674 1276 1279
22682 1276 1279
22690 1276 1279
22698 1276 1279
22706 1277 1279
22714 1276 1279
22722 1278 1279
22730 1276 1279
22738 1274 1279
22745 1277 1279
22753 1278 1279
22761 1276 1279
22770 1275 1279
22778 1277 1279
22786 1278 1279
22794 1275 1279
22802 1278 1279
22811 1277 1279
22819 1276 1279
22827 1276 1279
22835 1277 1279
22843 1277 1279
22851 1278 1279
22859 1276 1279
22867 1278 1279
22875 1276 1279
22883 1277 1279
22891 1276 1279
22899 1277 1279
22907 1277 1279
22915 1278 1279
22923 1276 1279
22930 1278 1279
22938 1278 1279
22946 1276 1279
22953 1276 1279
22961 1278 1279
22969 1277 1279
22976 1278 1279
22984 1278 1279
22992 1276 1279
23000 1277 1279
23007 1278 1279
23015 1276 1279
23023 1276 1279
23030 1278 1279
23038 1275 1279
23046 1275 1279
23053 1277 1279
23061 1275 1279
23069 1278 1279
23076 1277 1279
23084 1277 1279
23092 1278 1279
23100 1277 1279
23107 1278 1279
23115 1276 1279
23123 1277 1279
23130 1279 1279
23138 1277 1279
23146 1277 1279
23153 1277 1279
23161 1277 1279
23169 1277 1279
23176 1278 1279
23184 1277 1279
23192 1277 1279
23199 1276 1279
23207 1278 1279
23215 1275 1279
23223 1276 1279
23230 1278 1279
23238 1276 1279
23246 1276 1279
23253 1278 1279
23261 1277 1279
23269 1278 1279
23276 1278 1279
23284 1277 1279
23292 1275 1279
23300 1277 1279
23307 1277 1279
23315 1276 1279
23323 1278 1279
23331 1276 1279
23339 1277 1279
23347 1277 1279
23354 1278 1279
23362 1278 1279
23370 1278 1279
23379 1278 1279
23386 1276 1279
23394 1275 1279
23402 1273 1279
23410 1276 1279
23419 1276 1279
23427 1277 1279
23435 1277 1279
23443 1276 1279
23451 1275 1279
23460 1278 1279
23468 1276 1279
23476 1276 1279
23484 1276 1279
23492 1276 1279
23501 1276 1279
23509 1277 1279
23517 1278 1279
23524 1278 1279
23532 1278 1279
23540 1277 1279
23548 1277 1279
23556 1276 1279
23564 1276 1279
23571 1278 1279
23579 1278 1279
23587 1277 1279
23595 1276 1279
23603 1278 1279
23611 1277 1279
23619 1277 1279
23627 1276 1279
23634 1278 1279
23642 1275 1279
23650 1276 1279
23658 1275 1279
23666 1277 1279
23674 1275 1279
23682 1278 1279
23689 1278 1279
23697 1279 1279
23705 1277 1279
23713 1276 1279
23721 1276 1279
23728 1276 1279
23736 1276 1279
23744 1277 1279
23752 1276 1279
23760 1278 1279
23767 1275 1279
23775 1275 1279
23783 1277 1279
23791 1278 1279
23798 1276 1279
23806 1277 1279
23813 1278 1279
23821 1277 1279
23829 1278 1279
23837 1277 1279
23844 1277 1279
23852 1277 1279
23860 1277 1279
23867 1276 1279
23875 1276 1279
23883 1278 1279
23890 1276 1279
23898 1277 1279
23906 1278 1279
23914 1277 1279
23921 1278 1279
23929 1278 1279
23937 1277 1279
23944 1277 1279
23952 1277 1279
23960 1278 1279
23967 1278 1279
23975 1277 1279
23983 1278 1279
23990 1276 1279
23998 1277 1279
24006 1278 1279
24013 1276 1279
24021 1278 1279
24029 1276 1279
24037 1276 1279
24044 1276 1279
24052 1276 1279
24060 1276 1279
24067 1275 1279
24075 1275 1279
24083 1276 1279
24090 1276 1279
24098 1278 1279
24106 1278 1279
24114 1278 1279
24121 1279 1279
24129 1277 1279
24136 1277 1279
24144 1278 1279
24152 1279 1279
24160 1276 1279
24167 1279 1279
24175 1278 1279
24183 1278 1279
24190 1277 1279
24198 1277 1279
24206 1278 1279
24213 1277 1279
24221 1276 1279
24229 1278 1279
24237 1278 1279
24244 1278 1279
24252 1276 1279
24259 1277 1279
24267 1276 1279
24275 1278 1279
24283 1278 1279
24290 1278 1279
24298 1278 1279
24306 1276 1279
24313 1276 1279
24321 1275 1279
24329 1275 1279
24336 1275 1279
24344 1275 1279
24352 1276 1279
24359 1277 1279
24367 1278 1279
24375 1277 1279
24383 1279 1279
24390 1279 1279
24398 1278 1279
24406 1277 1279
24413 1278 1279
24421 1277 1279
24429 1277 1279
24436 1278 1279
24444 1277 1279
24452 1277 1279
24459 1277 1279
24467 1275 1279
24475 1276 1279
24482 1276 1279
24490 1276 1279
24498 1278 1279
24506 1278 1279
24513 1277 1279
24521 1277 1279
24529 1278 1279
24536 1278 1279
24544 1277 1279
24552 1277 1279
24559 1277 1279
24567 1275 1279
24575 1277 1279
24583 1276 1279
24590 1277 1279
24598 1275 1279
24606 1278 1279
24613 1278 1279
24621 1278 1279
24629 1276 1279
24637 1276 1279
24644 1277 1279
24652 1278 1279
24659 1278 1279
24667 1276 1279
24675 1276 1279
24683 1277 1279
24690 1278 1279
24698 1277 1279
24706 1277 1279
24713 1279 1279
24721 1278 1279
24729 1278 1279
24736 1277 1279
24744 1276 1279
24752 1276 1279
24760 1276 1279
24767 1277 1279
24775 1277 1279
24783 1278 1279
24790 1278 1279
24798 1279 1279
24806 1278 1279
24814 1277 1279
24822 1279 1279
24830 1276 1279
24838 1278 1279
24846 1276 1279
24855 1278 1279
24863 1276 1279
24871 1276 1279
24879 1278 1279
24888 1278 1279
24896 1278 1279
24904 1277 1279
24912 1277 1279
24920 1278 1279
24929 1279 1279
24937 1276 1279
24945 1278 1279
24953 1277 1279
24961 1278 1279
24970 1276 1279
24978 1276 1279
24986 1277 1279
24994 1278 1279
25002 1276 1279
25011 1275 1279
25019 1277 1279
25027 1278 1279
25035 1275 1279
25043 1277 1279
25052 1278 1279
25060 1275 1279
25068 1278 1279
25076 1277 1279
25084 1278 1279
25093 1276 1279
25101 1276 1279
25109 1277 1279
25117 1275 1279
25125 1276 1279
25134 1277 1279
25142 1277 1279
25150 1277 1279
25158 1277 1279
25167 1276 1279
25175 1276 1279
25183 1277 1279
25191 1278 1279
25199 1278 1279
25208 1279 1279
25216 1277 1279
25224 1279 1279
25232 1277 1279
25240 1278 1279
25249 1277 1279
25257 1278 1279
25265 1278 1279
25273 1277 1279
25281 1276 1279
25290 1277 1279
25298 1277 1279
25306 1277 1279
25314 1277 1279
25322 1277 1279
25331 1278 1279
25339 1277 1279
25347 1278 1279
25355 1278 1279
25363 1277 1279
25372 1276 1279
25380 1278 1279
25388 1277 1279
25396 1277 1279
25404 1279 1279
25413 1278 1279
25421 1279 1279
25429 1278 1279
25437 1277 1279
25445 1279 1279
25454 1277 1279
25462 1277 1279
25470 1277 1279
25478 1274 1279
25486 1278 1279
25495 1276 1279
25502 1278 1279
25510 1277 1279
25517 1279 1279
25525 1278 1279
25534 1279 1279
25541 1279 1279
25549 1277 1279
25557 1276 1279
25565 1278 1279
25573 1278 1279
25581 1276 1279
25588 1278 1279
25596 1276 1279
25604 1276 1279
25612 1275 1279
25619 1278 1279
25627 1277 1279
25635 1278 1279
25643 1276 1279
25651 1277 1279
25659 1277 1279
25666 1278 1279
25674 1279 1279
25682 1278 1279
25690 1278 1279
25698 1278 1279
25706 1277 1279
25713 1277 1279
25721 1277 1279
25729 1277 1279
25737 1278 1279
25745 1278 1279
25752 1278 1279
25760 1278 1279
25768 1277 1279
25777 1278 1279
25785 1276 1279
25792 1279 1279
25800 1277 1279
25809 1278 1279
25817 1279 1279
25825 1278 1279
25833 1278 1279
25841 1278 1279
25849 1277 1279
25858 1277 1279
25866 1276 1279
25874 1277 1279
25882 1278 1279
25891 1278 1279
25899 1278 1279
25907 1279 1279
25915 1277 1279
25923 1278 1279
25932 1278 1279
25940 1276 1279
25948 1276 1279
25956 1277 1279
25964 1277 1279
25973 1279 1279
25981 1277 1279
25989 1278 1279
25997 1278 1279
26005 1279 1279
26013 1277 1279
26021 1278 1279
26029 1276 1279
26037 1276 1279
26045 1276 1279
26054 1276 1279
26062 1278 1279
26070 1278 1279
26078 1278 1279
26086 1276 1279
26095 1277 1279
26103 1276 1279
26111 1276 1279
26119 1278 1279
26127 1276 1279
26136 1278 1279
26144 1277 1279
26152 1276 1279
26160 1277 1279
26168 1278 1279
26177 1276 1279
26185 1277 1279
26193 1277 1279
26201 1276 1279
26209 1277 1279
26218 1277 1279
26226 1276 1279
26234 1278 1279
26242 1277 1279
26250 1276 1279
26259 1278 1279
26267 1277 1279
26275 1277 1279
26283 1277 1279
26291 1278 1279
26300 1277 1279
26308 1277 1279
26316 1279 1279
26324 1279 1279
26332 1277 1279
26341 1278 1279
26349 1279 1279
26357 1277 1279
26365 1278 1279
26373 1276 1279
26382 1277 1279
26389 1278 1279
26397 1277 1279
26405 1277 1279
26413 1278 1279
26421 1278 1279
26429 1278 1279
26437 1276 1279
26445 1277 1279
26453 1278 1279
26461 1277 1279
26469 1277 1279
26477 1277 1279
26485 1277 1279
26493 1278 1279
26501 1277 1279
26509 1279 1279
26517 1276 1279
26525 1279 1279
26533 1276 1279
26541 1277 1279
26549 1277 1279
26556 1277 1279
26564 1279 1279
26573 1277 1279
26581 1278 1279
26589 1277 1279
26596 1278 1279
26604 1276 1279
26613 1276 1279
26621 1276 1279
26629 1277 1279
26636 1278 1279
26645 1277 1279
26653 1277 1279
26661 1278 1279
26669 1277 1279
26677 1277 1279
26685 1276 1279
26694 1276 1279
26702 1277 1279
26710 1275 1279
26718 1276 1279
26726 1278 1279
26734 1278 1279
26742 1276 1279
26750 1278 1279
26758 1276 1279
26766 1278 1279
26774 1276 1279
26782 1279 1279
26789 1276 1279
26797 1279 1279
26805 1279 1279
26813 1278 1279
26821 1278 1279
26829 1277 1279
26837 1277 1279
26844 1279 1279
26853 1279 1279
26860 1279 1279
26868 1277 1279
26876 1276 1279
26884 1278 1279
26892 1277 1279
26900 1277 1279
26907 1278 1279
26915 1276 1279
26923 1278 1279
26931 1279 1279
26939 1278 1279
26947 1277 1279
26954 1276 1279
26962 1278 1279
26970 1277 1279
26977 1278 1279
26985 1279 1279
26993 1278 1279
27000 1277 1279
27008 1277 1279
27016 1279 1279
27024 1278 1279
27032 1277 1279
27039 1278 1279
27047 1278 1279
27055 1277 1279
27062 1277 1279
27070 1276 1279
27078 1278 1279
27085 1279 1279
27093 1277 1279
27101 1277 1279
27108 1278 1279
27116 1277 1279
27124 1277 1279
27132 1276 1279
27140 1275 1279
27148 1278 1279
27155 1276 1279
27163 1277 1279
27171 1278 1279
27179 1278 1279
27187 1278 1279
27194 1277 1279
27202 1279 1279
27210 1278 1279
27217 1279 1279
27225 1278 1279
27233 1279 1279
27240 1277 1279
27248 1277 1279
27256 1277 1279
27263 1277 1279
27271 1279 1279
27279 1276 1279
27286 1277 1279
27294 1277 1279
27302 1278 1279
27310 1278 1279
27318 1277 1279
27325 1277 1279
27333 1276 1279
27341 1278 1279
27349 1278 1279
27356 1278 1279
27364 1279 1279
27372 1276 1279
27380 1277 1279
27388 1277 1279
27396 1277 1279
27403 1279 1279
27411 1278 1279
27419 1277 1279
27427 1277 1279
27435 1276 1279
27443 1277 1279
27451 1277 1279
27458 1279 1279
27466 1279 1279
27474 1279 1279
27482 1277 1279
27490 1277 1279
27498 1278 1279
27506 1278 1279
27514 1276 1279
27522 1278 1279
27530 1278 1279
27538 1278 1279
27546 1277 1279
27555 1277 1279
27563 1277 1279
27571 1279 1279
27579 1276 1279
27587 1277 1279
27596 1279 1279
27604 1279 1279
27612 1278 1279
27620 1277 1279
27628 1278 1279
27637 1279 1279
27645 1279 1279
27653 1277 1279
27661 1279 1279
27669 1278 1279
27677 1276 1279
27684 1276 1279
27692 1276 1279
27700 1277 1279
27707 1278 1279
27715 1278 1279
27723 1278 1279
27731 1278 1279
27739 1277 1279
27746 1279 1279
27754 1278 1279
27762 1278 1279
27769 1278 1279
27777 1279 1279
27785 1278 1279
27793 1278 1279
27800 1277 1279
27808 1279 1279
27815 1278 1279
27823 1279 1279
27831 1278 1279
27839 1277 1279
27846 1278 1279
27854 1278 1279
27862 1276 1279
27869 1278 1279
27877 1276 1279
27885 1279 1279
27892 1277 1279
27900 1279 1279
27908 1277 1279
27916 1277 1279
27923 1276 1279
27931 1276 1279
27939 1279 1279
27946 1278 1279
27954 1278 1279
27962 1277 1279
27969 1277 1279
27977 1276 1279
27985 1277 1279
27992 1279 1279
28000 1279 1279
28008 1276 1279
28015 1275 1279
28023 1277 1279
28031 1279 1279
28039 1276 1279
28046 1277 1279
28054 1279 1279
28062 1278 1279
28069 1276 1279
28077 1278 1279
28085 1278 1279
28093 1278 1279
28101 1277 1279
28108 1277 1279
28117 1277 1279
28124 1276 1279
28132 1277 1279
28140 1278 1279
28148 1277 1279
28157 1277 1279
28165 1279 1279
28173 1276 1279
28181 1278 1279
28189 1279 1279
28198 1277 1279
28206 1278 1279
28213 1278 1279
28221 1278 1279
28229 1276 1279
28238 1279 1279
28246 1279 1279
28254 1278 1279
28262 1275 1279
28270 1278 1279
28279 1279 1279
28287 1278 1279
28295 1276 1279
28303 1279 1279
28311 1278 1279
28320 1279 1279
28328 1277 1279
28336 1278 1279
28344 1277 1279
28352 1278 1279
28361 1278 1279
28369 1278 1279
28377 1277 1279
28385 1278 1279
28393 1278 1279
28402 1277 1279
28410 1278 1279
28418 1279 1279
28426 1278 1279
28434 1277 1279
28443 1278 1279
28451 1277 1279
28459 1277 1279
28467 1276 1279
28475 1277 1279
28483 1276 1279
28491 1277 1279
28499 1278 1279
28507 1279 1279
28515 1277 1279
28523 1276 1279
28531 1279 1279
28538 1277 1279
28546 1276 1279
28554 1278 1279
28562 1277 1279
28570 1277 1279
28578 1277 1279
28585 1279 1279
28593 1279 1279
28601 1277 1279
28609 1277 1279
28617 1279 1279
28624 1277 1279
28632 1278 1279
28640 1277 1279
28647 1278 1279
28655 1278 1279
28663 1277 1279
28670 1277 1279
28678 1276 1279
28686 1277 1279
28694 1278 1279
28701 1278 1279
28709 1278 1279
28717 1277 1279
28725 1278 1279
28733 1278 1279
28740 1276 1279
28748 1277 1279
28756 1277 1279
28764 1277 1279
28771 1277 1279
28779 1277 1279
28787 1277 1279
28795 1277 1279
28803 1278 1279
28811 1278 1279
28819 1279 1279
28827 1279 1279
28835 1279 1279
28842 1277 1279
28850 1277 1279
28858 1276 1279
28866 1279 1279
28874 1276 1279
28882 1278 1279
28890 1279 1279
28898 1277 1279
28906 1277 1279
28914 1278 1279
28922 1279 1279
28930 1279 1279
28938 1277 1279
28947 1278 1279
28955 1276 1279
28963 1277 1279
28971 1278 1279
28979 1276 1279
28988 1277 1279
28996 1279 1279
29004 1277 1279
29012 1279 1279
29020 1278 1279
29029 1276 1279
29037 1278 1279
29045 1279 1279
29053 1279 1279
29061 1279 1279
29070 1279 1279
29078 1277 1279
29086 1277 1279
29094 1277 1279
29102 1276 1279
29111 1277 1279
29119 1278 1279
29127 1277 1279
29135 1279 1279
29143 1277 1279
29152 1278 1279
29160 1279 1279
29168 1279 1279
29176 1278 1279
29184 1276 1279
29193 1278 1279
29201 1278 1279
29209 1278 1279
29217 1276 1279
29225 1278 1279
29233 1277 1279
29240 1278 1279
29248 1277 1279
29256 1279 1279
29263 1279 1279
29271 1278 1279
29279 1278 1279
29287 1279 1279
29294 1277 1279
29302 1277 1279
29310 1277 1279
29317 1278 1279
29325 1278 1279
29333 1278 1279
29340 1278 1279
29348 1278 1279
29356 1277 1279
29363 1279 1279
29371 1278 1279
29379 1279 1279
29386 1278 1279
29394 1278 1279
29402 1279 1279
29410 1277 1279
29417 1276 1279
29425 1277 1279
29433 1279 1279
29440 1277 1279
29448 1276 1279
29456 1276 1279
29463 1277 1279
29471 1278 1279
29479 1278 1279
29487 1278 1279
29494 1276 1279
29502 1278 1279
29509 1276 1279
29517 1277 1279
29525 1278 1279
29533 1278 1279
29540 1279 1279
29548 1278 1279
29556 1277 1279
29563 1277 1279
29571 1277 1279
29579 1278 1279
29586 1278 1279
29594 1279 1279
29602 1277 1279
29610 1277 1279
29617 1277 1279
29625 1277 1279
29633 1277 1279
29640 1277 1279
29648 1278 1279
29656 1278 1279
29663 1277 1279
29671 1278 1279
29679 1276 1279
29686 1278 1279
29694 1277 1279
29702 1279 1279
29710 1277 1279
29717 1278 1279
29725 1278 1279
29733 1277 1279
29740 1278 1279
29748 1278 1279
29756 1278 1279
29764 1278 1279
29772 1277 1279
29779 1277 1279
29787 1276 1279
29795 1278 1279
29803 1279 1279
29811 1276 1279
29819 1278 1279
29827 1277 1279
29834 1279 1279
29843 1277 1279
29851 1277 1279
29859 1278 1279
29867 1279 1279
29875 1278 1279
29884 1279 1279
29892 1278 1279
29900 1276 1279
29908 1276 1279
29916 1278 1279
29925 1279 1279
29933 1277 1279
29941 1278 1279
29949 1277 1279
29957 1276 1279
29966 1279 1279
29974 1279 1279
29982 1278 1279
29990 1279 1279
29998 1277 1279
30007 1279 1279
30015 1277 1279
30023 1279 1279
30031 1276 1279
30038 1277 1279
30047 1278 1279
30055 1277 1279
30063 1279 1279
30071 1278 1279
30078 1278 1279
30086 1279 1279
30094 1277 1279
30102 1278 1279
30110 1277 1279
30118 1277 1279
30126 1278 1279
30134 1279 1279
30142 1277 1279
30149 1278 1279
30157 1277 1279
30165 1277 1279
30173 1279 1279
30181 1277 1279
30188 1277 1279
30196 1277 1279
30204 1279 1279
30212 1277 1279
30220 1278 1278
30228 1278 1279
30235 1278 1279
30243 1277 1279
30251 1278 1279
30259 1277 1279
30267 1279 1279
30275 1279 1279
30283 1278 1279
30291 1278 1279
30299 1279 1279
30307 1278 1279
30315 1277 1279
30322 1279 1279
30331 1277 1279
30339 1279 1279
30347 1279 1279
30355 1278 1279
30363 1278 1279
30372 1279 1279
30380 1277 1279
30388 1277 1279
30396 1277 1279
30404 1279 1279
30413 1279 1279
30421 1279 1279
30429 1279 1279
30437 1278 1279
30445 1278 1279
30454 1277 1279
30462 1278 1279
30470 1278 1279
30478 1278 1279
30486 1277 1279
30495 1279 1279
30503 1277 1279
30511 1279 1279
30519 1278 1279
30527 1279 1279
30536 1277 1279
30544 1277 1279
30552 1277 1279
30560 1279 1279
30568 1279 1279
30577 1277 1279
30585 1279 1279
30593 1278 1279
30601 1279 1279
30609 1277 1279
30617 1279 1279
30625 1277 1279
30633 1278 1279
30641 1278 1279
30648 1277 1279
30656 1278 1279
30664 1279 1279
30672 1278 1279
30680 1278 1279
30688 1277 1279
30696 1278 1279
30703 1278 1279
30711 1277 1279
30719 1278 1279
30727 1276 1279
30735 1278 1279
30743 1279 1279
30751 1277 1279
30759 1277 1279
30767 1276 1279
30775 1278 1279
30782 1277 1279
30790 1276 1279
30798 1279 1279
30806 1279 1279
30814 1276 1279
30821 1278 1279
30829 1279 1279
30837 1279 1279
30845 1278 1279
30853 1278 1279
30860 1279 1279
30868 1279 1279
30875 1279 1279
30883 1278 1279
30891 1277 1279
30899 1279 1279
30907 1279 1279
30915 1277 1279
30923 1279 1279
30931 1278 1279
30938 1278 1279
30946 1278 1279
30954 1278 1279
30962 1278 1279
30970 1279 1279
30978 1277 1279
30986 1276 1279
30994 1278 1279
31002 1279 1279
31010 1279 1279
31017 1278 1279
31025 1277 1279
31033 1279 1279
31041 1278 1279
31049 1278 1279
31056 1279 1279
31064 1279 1279
31072 1278 1279
31080 1278 1279
31088 1278 1279
31096 1276 1279
31104 1277 1279
31111 1278 1279
31119 1277 1279
31127 1279 1279
31135 1278 1279
31143 1278 1279
31151 1279 1279
31159 1279 1279
31167 1279 1279
31175 1278 1279
31183 1279 1279
31190 1277 1279
31198 1277 1279
31206 1278 1279
31214 1277 1279
31222 1279 1279
31230 1277 1279
31238 1277 1279
31245 1279 1279
31253 1277 1279
31261 1279 1279
31269 1277 1279
31277 1277 1279
31285 1279 1279
31293 1277 1279
31301 1277 1279
31309 1278 1279
31316 1278 1279
31324 1279 1279
31333 1277 1279
31340 1277 1279
31348 1277 1279
31356 1279 1279
31364 1279 1279
31372 1278 1279
31380 1277 1279
31388 1278 1279
31396 1278 1279
31404 1278 1279
31413 1277 1279
31421 1278 1279
31429 1277 1279
31437 1277 1279
31445 1278 1279
31454 1276 1279
31462 1278 1279
31470 1277 1279
31478 1279 1279
31487 1277 1279
31495 1278 1279
31503 1277 1279
31511 1279 1279
31519 1279 1279
31528 1279 1279
31536 1279 1279
31544 1279 1279
31552 1278 1279
31560 1277 1279
31569 1278 1279
31577 1278 1279
31585 1278 1279
31593 1278 1279
31601 1277 1279
31610 1279 1279
31617 1278 1279
31625 1278 1279
31633 1277 1279
31641 1277 1279
31649 1277 1279
31657 1279 1279
31664 1277 1279
31672 1277 1279
31680 1277 1279
31688 1279 1279
31696 1277 1279
31704 1279 1279
31711 1278 1279
31719 1278 1279
31727 1277 1279
31735 1278 1279
31742 1279 1279
31750 1277 1279
31758 1279 1279
31766 1277 1279
31773 1278 1279
31781 1276 1279
31788 1276 1279
31796 1276 1279
31804 1276 1279
31812 1278 1279
31819 1277 1279
31827 1276 1279
31834 1275 1279
31843 1278 1279
31850 1279 1279
31858 1277 1279
31865 1277 1279
31873 1278 1279
31881 1278 1279
31889 1278 1279
31896 1279 1279
31904 1278 1279
31911 1277 1279
31919 1277 1279
31927 1278 1279
31935 1277 1279
31942 1278 1279
31950 1278 1279
31957 1277 1279
31965 1276 1279
31973 1279 1279
31981 1277 1279
31988 1278 1279
31996 1278 1279
32004 1278 1279
32011 1277 1279
32019 1279 1279
32027 1279 1279
32034 1277 1279
32042 1278 1279
32050 1278 1279
32058 1278 1279
32066 1279 1279
32073 1277 1279
32081 1279 1279
32089 1277 1279
32097 1277 1279
32105 1277 1279
32113 1279 1279
32121 1278 1279
32128 1277 1279
32136 1279 1279
32144 1277 1279
32152 1277 1279
32159 1279 1279
32167 1278 1279
32175 1279 1279
32183 1277 1279
32191 1278 1279
32199 1279 1279
32207 1278 1279
32215 1279 1279
32223 1277 1279
32231 1279 1279
32238 1277 1279
32246 1278 1279
32254 1277 1279
32262 1278 1279
32270 1276 1279
32277 1278 1279
32285 1278 1279
32293 1278 1279
32300 1278 1279
32308 1279 1279
32316 1279 1279
32324 1279 1279
32331 1278 1279
32339 1276 1279
32346 1277 1279
32355 1279 1279
32363 1279 1279
32371 1277 1279
32378 1278 1279
32386 1278 1279
32394 1278 1279
32402 1279 1279
32410 1278 1279
32417 1278 1279
32425 1278 1279
32433 1279 1279
32441 1277 1279
32448 1277 1279
32456 1278 1279
32463 1278 1279
32471 1277 1279
32479 1279 1279
32487 1278 1279
32494 1277 1279
32502 1278 1279
32510 1277 1279
32517 1277 1279
32525 1278 1279
32533 1277 1279
32540 1277 1279
32548 1278 1279
32556 1277 1279
32564 1279 1279
32571 1278 1279
32579 1277 1279
32586 1279 1279
32594 1279 1279
32602 1279 1279
32610 1279 1279
32617 1278 1279
32625 1276 1279
32633 1278 1279
32640 1279 1279
32648 1278 1279
32656 1278 1279
32663 1277 1279
32671 1279 1279
32679 1279 1279
32686 1279 1279
32694 1278 1279
32702 1278 1279
32709 1278 1279
32717 1279 1279
32725 1278 1279
32733 1278 1279
32740 1279 1279
32748 1279 1279
32756 1278 1279
32764 1277 1279
32772 1277 1279
32780 1278 1279
32787 1279 1279
32795 1278 1279
32803 1277 1279
32811 1276 1279
32819 1276 1279
32826 1278 1279
32834 1277 1279
32842 1277 1279
32850 1279 1279
32858 1277 1279
32866 1277 1279
32874 1279 1279
32882 1279 1279
32890 1279 1279
32897 1278 1279
32905 1278 1279
32913 1279 1279
32921 1278 1279
32929 1278 1279
32936 1278 1279
32944 1279 1279
32952 1279 1279
32960 1279 1279
32968 1279 1279
32975 1277 1279
32983 1278 1279
32991 1277 1279
32998 1277 1279
33006 1277 1279
33014 1278 1279
33021 1278 1279
33029 1279 1279
33037 1279 1279
33044 1278 1279
33052 1277 1279
33060 1278 1279
33068 1277 1279
33075 1277 1279
33083 1278 1279
33091 1277 1279
33098 1279 1279
33106 1278 1279
33114 1276 1279
33121 1278 1279
33129 1277 1279
33137 1277 1279
33144 1277 1279
33152 1277 1279
33160 1279 1279
33167 1278 1279
33175 1276 1279
33183 1277 1279
33191 1277 1279
33198 1279 1279
33206 1279 1279
33214 1278 1279
33221 1279 1279
33229 1278 1279
33237 1279 1279
33244 1278 1279
33252 1279 1279
33260 1279 1279
33267 1277 1279
33276 1277 1279
33283 1278 1279
33291 1278 1279
33299 1279 1279
33307 1277 1279
33315 1278 1279
33323 1277 1279
33330 1279 1279
33338 1278 1279
33345 1278 1279
33353 1277 1279
33361 1279 1279
33369 1278 1279
33376 1279 1279
33384 1279 1279
33392 1277 1279
33400 1279 1279
33408 1279 1279
33415 1278 1279
33423 1277 1279
33431 1278 1279
33439 1278 1279
33447 1277 1279
33454 1279 1279
33462 1278 1279
33470 1279 1279
33477 1279 1279
33486 1278 1279
33493 1277 1279
33501 1277 1279
33509 1277 1279
33516 1277 1279
33524 1279 1279
33532 1279 1279
33540 1278 1279
33547 1278 1279
33555 1279 1279
33564 1279 1279
33571 1278 1279
33579 1277 1279
33587 1278 1279
33595 1279 1279
33603 1279 1279
33611 1279 1279
33618 1277 1279
33626 1279 1279
33634 1277 1279
33642 1278 1279
33650 1278 1279
33658 1279 1279
33665 1279 1279
33673 1279 1279
33681 1278 1279
33689 1277 1279
33697 1278 1279
33705 1278 1279
33712 1279 1279
33720 1279 1279
33728 1278 1279
33736 1279 1279
33744 1279 1279
33752 1277 1279
33760 1279 1279
33768 1279 1279
33775 1278 1279
33783 1279 1279
33791 1279 1279
33799 1279 1279
33807 1277 1279
33814 1279 1279
33822 1276 1279
33830 1277 1279
33838 1278 1279
33846 1278 1279
33854 1277 1279
33862 1279 1279
33870 1279 1279
33877 1277 1279
33885 1278 1279
33893 1278 1279
33901 1279 1279
33909 1278 1279
33917 1277 1279
33925 1278 1279
33933 1278 1279
33941 1277 1279
33948 1279 1279
33957 1279 1279
33965 1279 1279
33972 1278 1279
33980 1277 1279
33988 1278 1279
33996 1279 1279
34004 1277 1279
34012 1278 1279
34020 1277 1279
34027 1277 1279
34035 1277 1279
34043 1279 1279
34051 1279 1279
34059 1278 1279
34067 1278 1279
34074 1278 1279
34082 1279 1279
34090 1279 1279
34098 1279 1279
34106 1278 1279
34114 1277 1279
34122 1278 1279
34129 1277 1279
34137 1279 1279
34145 1278 1279
34153 1277 1279
34161 1278 1279
34169 1278 1279
34177 1279 1279
34184 1277 1279
34192 1279 1279
34201 1278 1279
34209 1277 1279
34217 1278 1279
34225 1279 1279
34233 1279 1279
34242 1277 1279
34250 1279 1279
34258 1279 1279
34266 1279 1279
34274 1279 1279
34283 1278 1279
34291 1279 1279
34299 1277 1279
34307 1278 1279
34315 1279 1279
34324 1277 1279
34332 1279 1279
34340 1279 1279
34348 1279 1279
34356 1278 1279
34364 1279 1279
34372 1279 1279
34380 1277 1279
34388 1278 1279
34396 1279 1279
34404 1278 1279
34411 1277 1279
34419 1278 1279
34427 1278 1279
34435 1279 1279
34443 1278 1279
34451 1276 1279
34458 1279 1279
34466 1279 1279
34474 1279 1279
34482 1278 1279
34490 1278 1279
34497 1278 1279
34505 1277 1279
34513 1279 1279
34521 1277 1279
34529 1277 1279
34537 1278 1279
34545 1279 1279
34553 1278 1279
34561 1279 1279
34568 1278 1279
34576 1278 1279
34584 1279 1279
34592 1279 1279
34600 1278 1279
34608 1278 1279
34616 1277 1279
34624 1279 1279
34632 1279 1279
34640 1279 1279
34648 1278 1279
34656 1279 1279
34664 1278 1279
34673 1278 1279
34681 1278 1279
34689 1278 1279
34697 1279 1279
34705 1279 1279
34714 1279 1279
34722 1279 1279
34730 1277 1279
34738 1279 1279
34746 1278 1279
34755 1279 1279
34763 1279 1279
34771 1279 1279
34779 1278 1279
34787 1279 1279
34796 1277 1279
34804 1279 1279
34812 1278 1279
34820 1278 1279
34828 1277 1279
34837 1278 1279
34845 1279 1279
34853 1278 1279
34861 1279 1279
34869 1279 1279
34878 1279 1279
34886 1279 1279
34894 1279 1279
34902 1278 1279
34910 1279 1279
34919 1278 1279
34927 1276 1279
34935 1279 1279
34943 1279 1279
34951 1278 1279
34960 1277 1279
34968 1277 1279
34976 1279 1279
34984 1277 1279
34992 1277 1279
35001 1279 1279
35009 1279 1279
35017 1278 1279
35025 1278 1279
35033 1278 1279
35042 1279 1279
35050 1279 1279
35058 1278 1279
35066 1279 1279
35075 1278 1279
35083 1279 1279
35091 1279 1279
35099 1278 1279
35107 1279 1279
35116 1277 1279
35124 1279 1279
35132 1279 1279
35140 1277 1279
35148 1277 1279
35157 1279 1279
35165 1278 1279
35172 1277 1279
35180 1278 1279
35188 1279 1279
35195 1279 1279
35203 1279 1279
35211 1279 1279
35219 1278 1279
35227 1279 1279
35234 1278 1279
35243 1279 1279
35250 1279 1279
35258 1279 1279
35266 1278 1279
35273 1279 1279
35281 1279 1279
35289 1278 1279
35296 1279 1279
35304 1279 1279
35312 1277 1279
35320 1277 1279
35327 1279 1279
35335 1278 1279
35342 1278 1279
35350 1277 1279
35358 1278 1279
35366 1277 1279
35373 1278 1279
35381 1279 1279
35389 1279 1279
35397 1278 1279
35405 1278 1279
35412 1278 1279
35420 1279 1279
35427 1278 1279
35435 1279 1279
35443 1278 1279
35451 1279 1279
35459 1277 1279
35466 1277 1279
35474 1279 1279
35482 1277 1279
35490 1279 1279
35498 1279 1279
35505 1278 1279
35513 1279 1279
35521 1278 1279
35529 1278 1279
35537 1278 1279
35545 1278 1279
35553 1279 1279
35561 1279 1279
35568 1279 1279
35576 1279 1279
35583 1279 1279
35591 1278 1279
35599 1278 1279
35607 1279 1279
35615 1277 1279
35623 1279 1279
35630 1279 1279
35638 1278 1279
35647 1278 1279
35654 1278 1279
35662 1277 1279
35669 1277 1279
35677 1278 1279
35685 1279 1279
35693 1278 1279
35700 1277 1279
35708 1277 1279
35716 1279 1279
35724 1278 1279
35732 1278 1279
35739 1279 1279
35747 1279 1279
35755 1278 1279
35764 1279 1279
35772 1278 1279
35780 1277 1279
35788 1278 1279
35796 1279 1279
35805 1278 1279
35813 1278 1279
35821 1279 1279
35829 1277 1279
35837 1277 1279
35846 1278 1279
35854 1277 1279
35862 1279 1279
35870 1279 1279
35878 1278 1279
35887 1279 1279
35895 1279 1279
35903 1279 1279
35911 1277 1279
35919 1277 1279
35928 1279 1279
35936 1279 1279
35944 1279 1279
35952 1278 1279
35960 1279 1279
35969 1279 1279
35977 1278 1279
35985 1279 1279
35993 1278 1279
36001 1279 1279
36009 1279 1279
36017 1277 1279
36024 1279 1279
36032 1279 1279
36040 1278 1279
36048 1279 1279
36056 1279 1279
36063 1279 1279
36071 1279 1279
36079 1277 1279
36087 1279 1279
36095 1279 1279
36102 1279 1279
36110 1279 1279
36117 1277 1279
36125 1278 1279
36133 1278 1279
36141 1278 1279
36148 1277 1279
36156 1279 1279
36164 1279 1279
36172 1278 1279
36180 1278 1279
36188 1279 1279
36195 1276 1279
36203 1278 1279
36211 1279 1279
36219 1278 1279
36227 1279 1279
36234 1279 1279
36242 1279 1279
36250 1279 1279
36258 1279 1279
36266 1277 1279
36274 1277 1279
36282 1278 1279
36289 1279 1279
36297 1278 1279
36305 1278 1279
36313 1278 1279
36321 1278 1279
36328 1278 1279
36336 1279 1279
36344 1279 1279
36352 1279 1279
36360 1279 1279
36368 1277 1279
36376 1278 1279
36384 1279 1279
36392 1279 1279
36399 1279 1279
36407 1279 1279
36415 1278 1279
36423 1279 1279
36431 1278 1279
36439 1279 1279
36447 1279 1279
36455 1278 1279
36464 1278 1279
36472 1279 1279
36480 1277 1279
36488 1279 1279
36496 1279 1279
36505 1279 1279
36513 1278 1279
36521 1279 1279
36529 1279 1279
36537 1279 1279
36546 1278 1279
36554 1278 1279
36562 1279 1279
36570 1279 1279
36578 1279 1279
36587 1279 1279
36595 1279 1279
36603 1279 1279
36611 1277 1279
36619 1279 1279
36628 1278 1279
36636 1278 1279
36644 1279 1279
36652 1279 1279
36660 1279 1279
36669 1277 1279
36677 1278 1279
36685 1277 1279
36693 1278 1279
36701 1279 1279
36710 1279 1279
36718 1279 1279
36726 1278 1279
36734 1279 1279
36742 1279 1279
36751 1277 1279
36759 1277 1279
36767 1279 1279
36775 1279 1279
36783 1279 1279
36791 1279 1279
36800 1279 1279
36808 1279 1279
36816 1278 1279
36824 1279 1279
36832 1278 1279
36841 1278 1279
36849 1278 1279
36857 1278 1279
36865 1279 1279
36873 1279 1279
36882 1279 1279
36890 1278 1279
36898 1279 1279
36905 1277 1279
36913 1277 1279
36922 1279 1279
36929 1278 1279
36937 1278 1279
36945 1279 1279
36952 1279 1279
36960 1278 1279
36968 1279 1279
36976 1278 1279
36983 1279 1279
36991 1279 1279
36999 1278 1279
37006 1279 1279
37014 1278 1279
37022 1279 1279
37029 1278 1279
37037 1278 1279
37045 1279 1279
37052 1279 1279
37060 1278 1279
37068 1279 1279
37075 1279 1279
37083 1279 1279
37091 1279 1279
37099 1279 1279
37106 1279 1279
37114 1277 1279
37122 1278 1279
37129 1278 1279
37137 1279 1279
37145 1279 1279
37152 1279 1279
37160 1277 1279
37168 1277 1279
37175 1279 1279
37183 1279 1279
37191 1278 1279
37198 1278 1279
37206 1279 1279
37214 1279 1279
37222 1279 1279
37229 1279 1279
37237 1279 1279
37244 1278 1279
37252 1279 1279
37260 1278 1279
37268 1277 1279
37275 1278 1279
37283 1279 1279
37291 1277 1279
37298 1279 1279
37306 1279 1279
37314 1278 1279
37321 1279 1279
37329 1279 1279
37337 1277 1279
37345 1279 1279
37353 1278 1279
37360 1278 1279
37368 1278 1279
37376 1279 1279
37384 1278 1279
37391 1279 1279
37399 1279 1279
37407 1279 1279
37414 1278 1279
37422 1279 1279
37430 1279 1279
37437 1278 1279
37445 1279 1279
37453 1278 1279
37460 1279 1279
37468 1279 1279
37476 1278 1279
37484 1277 1279
37491 1279 1279
37499 1278 1279
37507 1279 1279
37514 1279 1279
37522 1279 1279
37530 1279 1279
37537 1279 1279
37545 1278 1279
37553 1278 1279
37560 1279 1279
37568 1279 1279
37576 1279 1279
37584 1279 1279
37591 1278 1279
37599 1279 1279
37607 1279 1279
37614 1279 1279
37622 1277 1279
37630 1278 1279
37637 1278 1279
37645 1279 1279
37653 1279 1279
37661 1277 1279
37669 1279 1279
37676 1279 1279
37684 1279 1279
37692 1278 1279
37700 1278 1279
37708 1279 1279
37715 1279 1279
37723 1278 1279
37731 1278 1279
37739 1279 1279
37747 1279 1279
37755 1279 1279
37762 1278 1279
37770 1279 1279
37779 1279 1279
37786 1279 1279
37794 1279 1279
37802 1278 1279
37810 1279 1279
37818 1279 1279
37826 1279 1279
37833 1277 1279
37841 1277 1279
37849 1278 1279
37857 1277 1279
37865 1279 1279
37872 1278 1279
37880 1279 1279
37888 1278 1279
37895 1279 1279
37903 1279 1279
37911 1278 1279
37918 1277 1279
37926 1277 1279
37934 1279 1279
37942 1278 1279
37949 1279 1279
37957 1279 1279
37965 1278 1279
37972 1279 1279
37980 1279 1279
37988 1279 1279
37995 1279 1279
38003 1279 1279
38011 1279 1279
38019 1279 1279
38027 1278 1279
38034 1279 1279
38042 1279 1279
38050 1279 1279
38057 1279 1279
38065 1279 1279
38073 1279 1279
38081 1279 1279
38088 1279 1279
38096 1278 1279
38104 1279 1279
38112 1279 1279
38120 1278 1279
38128 1279 1279
38135 1279 1279
38144 1277 1279
38152 1279 1279
38160 1279 1279
38168 1279 1279
38176 1279 1279
38185 1277 1279
38193 1278 1279
38201 1279 1279
38209 1278 1279
38217 1277 1279
38226 1278 1279
38234 1278 1279
38242 1278 1279
38250 1279 1279
38258 1278 1279
38267 1278 1279
38275 1278 1279
38283 1279 1279
38291 1278 1279
38299 1278 1279
38307 1278 1279
38315 1278 1279
38323 1278 1279
38331 1278 1279
38339 1279 1279
38347 1278 1279
38356 1279 1279
38364 1279 1279
38372 1279 1279
38380 1278 1279
38388 1278 1279
38397 1278 1279
38405 1279 1279
38413 1278 1279
38421 1279 1279
38429 1279 1279
38437 1278 1279
38445 1279 1279
38453 1278 1279
38461 1279 1279
38470 1279 1279
38478 1279 1279
38486 1279 1279
38494 1279 1279
38502 1279 1279
38511 1279 1279
38519 1279 1279
38527 1279 1279
38535 1279 1279
38543 1279 1279
38552 1278 1279
38560 1279 1279
38567 1279 1279
38575 1279 1279
38583 1279 1279
38591 1278 1279
38599 1278 1279
38607 1279 1279
38615 1278 1279
38622 1278 1279
38631 1278 1279
38638 1279 1279
38646 1278 1279
38654 1279 1279
38661 1278 1279
38669 1279 1279
38677 1279 1279
38684 1279 1279
38692 1279 1279
38700 1279 1279
38707 1279 1279
38715 1279 1279
38723 1279 1279
38730 1279 1279
38738 1279 1279
38746 1277 1279
38754 1279 1279
38761 1278 1279
38769 1278 1279
38777 1277 1279
38784 1279 1279
38792 1278 1279
38800 1277 1279
38807 1279 1279
38815 1279 1279
38823 1279 1279
38830 1279 1279
38838 1278 1279
38846 1279 1279
38853 1279 1279
38861 1278 1279
38869 1278 1279
38877 1278 1279
38884 1279 1279
38892 1279 1279
38900 1279 1279
38907 1277 1279
38915 1278 1279
38923 1279 1279
38930 1279 1279
38938 1279 1279
38946 1278 1279
38954 1279 1279
38962 1279 1279
38969 1278 1279
38977 1279 1279
38985 1279 1279
38993 1279 1279
39001 1278 1279
39008 1279 1279
39016 1279 1279
39024 1279 1279
39032 1279 1279
39040 1278 1279
39048 1279 1279
39055 1279 1279
39063 1279 1279
39071 1279 1279
39079 1277 1279
39087 1279 1279
39095 1278 1279
39103 1279 1279
39110 1278 1279
39119 1277 1279
39126 1279 1279
39134 1279 1279
39142 1279 1279
39150 1277 1279
39158 1278 1279
39166 1278 1279
39173 1279 1279
39181 1279 1279
39189 1279 1279
39197 1279 1279
39205 1279 1279
39212 1279 1279
39220 1278 1279
39227 1279 1279
39235 1279 1279
39243 1279 1279
39251 1279 1279
39259 1279 1279
39266 1279 1279
39274 1278 1279
39282 1279 1279
39290 1278 1279
39298 1279 1279
39305 1279 1279
39313 1279 1279
39321 1279 1279
39329 1279 1279
39337 1279 1279
39344 1279 1279
39352 1279 1279
39360 1279 1279
39368 1278 1279
39376 1279 1279
39383 1278 1279
39391 1278 1279
39399 1277 1279
39407 1279 1279
39415 1279 1279
39422 1278 1279
39430 1279 1279
39438 1279 1279
39446 1279 1279
39454 1278 1279
39461 1279 1279
39469 1279 1279
39477 1279 1279
39485 1279 1279
39493 1279 1279
39500 1279 1279
39508 1277 1279
39516 1278 1279
39524 1279 1279
39532 1277 1279
39539 1278 1279
39547 1278 1279
39555 1279 1279
39563 1278 1279
39571 1279 1279
39579 1279 1279
39586 1279 1279
39594 1278 1279
39602 1276 1279
39610 1279 1279
39618 1279 1279
39626 1278 1279
39633 1279 1279
39642 1279 1279
39650 1279 1279
39657 1278 1279
39665 1279 1279
39673 1279 1279
39681 1278 1279
39689 1279 1279
39696 1278 1279
39704 1279 1279
39712 1279 1279
39720 1279 1279
39728 1279 1279
39736 1278 1279
39743 1279 1279
39751 1278 1279
39759 1279 1279
39766 1279 1279
39774 1279 1279
39782 1278 1279
39789 1279 1279
39797 1279 1279
39805 1279 1279
39813 1279 1279
39820 1279 1279
39828 1278 1279
39835 1279 1279
39843 1279 1279
39851 1279 1279
39859 1279 1279
39866 1278 1279
39874 1279 1279
39882 1279 1279
39890 1278 1279
39897 1278 1279
39905 1279 1279
39913 1278 1279
39921 1278 1279
39928 1278 1279
39936 1279 1279
39944 1279 1279
39951 1278 1279
39959 1278 1279
39967 1279 1279
39974 1279 1279
39982 1278 1279
39990 1278 1279
39997 1279 1279
40005 1279 1279
40013 1278 1279
40021 1278 1279
40028 1279 1279
40036 1277 1279
40044 1279 1279
40051 1279 1279
40059 1278 1279
40067 1279 1279
40074 1279 1279
40082 1278 1279
40090 1279 1279
40098 1279 1279
40106 1279 1279
40113 1279 1279
40121 1278 1279
40129 1279 1279
40136 1279 1279
40144 1279 1279
40152 1279 1279
40159 1279 1279
40167 1278 1279
40175 1279 1279
40183 1279 1279
40190 1279 1279
40198 1278 1279
40206 1277 1279
40213 1277 1279
40221 1279 1279
40229 1279 1279
40236 1278 1279
40244 1279 1279
40252 1278 1279
40260 1278 1279
40268 1279 1279
40275 1279 1279
40284 1279 1279
40291 1279 1279
40299 1279 1279
40307 1279 1279
40315 1279 1279
40323 1279 1279
40331 1279 1279
40339 1277 1279
40347 1279 1279
40355 1279 1279
40364 1279 1279
40372 1279 1279
40380 1279 1279
40388 1278 1279
40397 1278 1279
40405 1278 1279
40413 1279 1279
40421 1278 1279
40429 1279 1279
40438 1279 1279
40446 1279 1279
40454 1279 1279
40462 1277 1279
40470 1279 1279
40479 1277 1279
40487 1279 1279
40495 1279 1279
40503 1277 1279
40511 1278 1279
40520 1279 1279
40528 1279 1279
40536 1278 1279
40543 1277 1279
40551 1279 1279
40559 1279 1279
40568 1279 1279
40575 1279 1279
40583 1279 1279
40591 1278 1279
40599 1276 1279
40607 1278 1279
40615 1279 1279
40622 1278 1279
40630 1278 1279
40638 1279 1279
40646 1278 1279
40654 1278 1279
40661 1278 1279
40669 1279 1279
40677 1278 1279
40685 1279 1279
40692 1279 1279
40700 1278 1279
40708 1279 1279
40715 1279 1279
40723 1279 1279
40731 1279 1279
40738 1278 1279
40746 1279 1279
40754 1279 1279
40762 1279 1279
40769 1279 1279
40777 1279 1279
40784 1278 1279
40792 1279 1279
40800 1278 1279
40808 1279 1279
40816 1279 1279
40824 1279 1279
40832 1277 1279
40840 1278 1279
40848 1279 1279
40855 1279 1279
40863 1279 1279
40871 1279 1279
40879 1279 1279
40887 1278 1279
40895 1279 1279
40903 1279 1279
40910 1279 1279
40919 1278 1279
40927 1279 1279
40934 1279 1279
40942 1279 1279
40950 1279 1279
40958 1279 1279
40966 1279 1279
40974 1279 1279
40982 1279 1279
40989 1278 1279
40998 1279 1279
41005 1279 1279
41013 1279 1279
41021 1279 1279
41029 1279 1279
41037 1278 1279
41045 1279 1279
41052 1279 1279
41060 1279 1279
41068 1278 1279
41076 1279 1279
41084 1278 1279
41091 1279 1279
41099 1279 1279
41107 1279 1279
41115 1279 1279
41123 1279 1279
41130 1279 1279
41138 1279 1279
41146 1279 1279
41154 1279 1279
41162 1279 1279
41170 1279 1279
41177 1277 1279
41185 1279 1279
41193 1278 1279
41201 1279 1279
41209 1279 1279
41217 1278 1279
41224 1278 1279
41232 1278 1279
41240 1278 1279
41248 1279 1279
41256 1279 1279
41263 1279 1279
41271 1279 1279
41279 1278 1279
41287 1279 1279
41295 1279 1279
41302 1279 1279
41310 1279 1279
41318 1279 1279
41326 1279 1279
41334 1278 1279
41341 1278 1279
41349 1278 1279
41357 1279 1279
41365 1279 1279
41373 1279 1279
41381 1277 1279
41388 1279 1279
41396 1279 1279
41404 1279 1279
41412 1278 1279
41419 1278 1279
41427 1279 1279
41435 1279 1279
41442 1278 1279
41450 1278 1279
41458 1278 1279
41465 1276 1279
41473 1277 1279
41481 1279 1279
41489 1279 1279
41496 1279 1279
41504 1279 1279
41512 1279 1279
41520 1279 1279
41528 1279 1279
41535 1278 1279
41543 1278 1279
41551 1278 1279
41559 1279 1279
41567 1278 1279
41575 1279 1279
41583 1279 1279
41591 1279 1279
41599 1279 1279
41606 1279 1279
41614 1279 1279
41623 1279 1279
41631 1279 1279
41639 1279 1279
41647 1279 1279
41655 1279 1279
41664 1279 1279
41672 1278 1279
41680 1279 1279
41688 1278 1279
41696 1278 1279
41705 1278 1279
41713 1279 1279
41721 1279 1279
41729 1279 1279
41737 1279 1279
41746 1279 1279
41753 1279 1279
41761 1279 1279
41769 1278 1279
41777 1279 1279
41786 1279 1279
41794 1279 1279
41802 1278 1279
41810 1279 1279
41818 1279 1279
41827 1279 1279
41835 1279 1279
41842 1279 1279
41850 1278 1279
41858 1279 1279
41867 1279 1279
41874 1279 1279
41882 1279 1279
41890 1278 1279
41898 1278 1279
41906 1279 1279
41913 1279 1279
41921 1278 1279
41929 1276 1279
41937 1279 1279
41945 1279 1279
41953 1279 1279
41961 1279 1279
41969 1279 1279
41977 1279 1279
41985 1279 1279
41993 1278 1279
42001 1278 1279
42009 1278 1279
42017 1279 1279
42026 1279 1279
42034 1279 1279
42042 1278 1279
42050 1279 1279
42059 1279 1279
42067 1279 1279
42075 1279 1279
42083 1279 1279
42091 1279 1279
42100 1279 1279
42108 1277 1279
42116 1279 1279
42124 1279 1279
42132 1278 1279
42141 1278 1279
42149 1278 1279
42157 1279 1279
42165 1278 1279
42173 1279 1279
42182 1279 1279
42190 1279 1279
42198 1278 1279
42206 1278 1279
42214 1278 1279
42223 1279 1279
42231 1279 1279
42239 1279 1279
42247 1279 1279
42254 1278 1279
42262 1279 1279
42270 1279 1279
42278 1279 1279
42285 1278 1279
42293 1279 1279
42301 1279 1279
42308 1279 1279
42316 1279 1279
42324 1279 1279
42331 1279 1279
42339 1279 1279
42347 1279 1279
42354 1278 1279
42362 1279 1279
42370 1279 1279
42377 1279 1279
42385 1279 1279
42393 1279 1279
42401 1279 1279
42408 1279 1279
42416 1279 1279
42425 1277 1279
42433 1279 1279
42441 1279 1279
42449 1278 1279
42457 1279 1279
42466 1279 1279
42474 1279 1279
42482 1279 1279
42490 1279 1279
42498 1279 1279
42506 1279 1279
42514 1279 1279
42522 1279 1279
42530 1279 1279
42538 1279 1279
42546 1279 1279
42553 1279 1279
42561 1279 1279
42569 1279 1279
42576 1278 1279
42584 1279 1279
42592 1279 1279
42600 1279 1279
42607 1278 1279
42615 1279 1279
42623 1279 1279
42631 1279 1279
42639 1279 1279
42647 1278 1279
42655 1279 1279
42664 1278 1279
42672 1279 1279
42680 1279 1279
42688 1279 1279
42696 1279 1279
42705 1279 1279
42713 1278 1279
42721 1279 1279
42729 1279 1279
42737 1279 1279
42746 1278 1279
42754 1279 1279
42762 1278 1279
42770 1279 1279
42778 1279 1279
42787 1279 1279
42795 1277 1279
42803 1279 1279
42811 1279 1279
42819 1278 1279
42828 1277 1279
42836 1279 1279
42844 1279 1279
42852 1278 1279
42860 1279 1279
42869 1279 1279
42876 1279 1279
42884 1279 1279
42892 1279 1279
42900 1279 1279
42908 1279 1279
42916 1279 1279
42924 1279 1279
42932 1278 1279
42940 1279 1279
42948 1279 1279
42956 1279 1279
42964 1279 1279
42972 1279 1279
42979 1278 1279
42988 1278 1279
42996 1279 1279
43003 1279 1279
43011 1279 1279
43019 1279 1279
43027 1279 1279
43035 1279 1279
43043 1279 1279
43051 1279 1279
43059 1278 1279
43067 1279 1279
43074 1279 1279
43082 1279 1279
43090 1279 1279
43098 1279 1279
43106 1278 1279
43114 1279 1279
43122 1279 1279
43130 1279 1279
43138 1278 1279
43146 1278 1279
43154 1279 1279
43162 1277 1279
43170 1278 1279
43178 1277 1279
43186 1278 1279
43194 1278 1279
43202 1279 1279
43210 1279 1279
43218 1278 1279
43226 1279 1279
43234 1279 1279
43241 1279 1279
43249 1279 1279
43257 1279 1279
43265 1279 1279
43273 1279 1279
43281 1279 1279
43288 1277 1279
43296 1279 1279
43304 1279 1279
43312 1279 1279
43320 1279 1279
43328 1279 1279
43335 1278 1279
43343 1279 1279
43351 1279 1279
43359 1279 1279
43366 1279 1279
43374 1279 1279
43382 1279 1279
43390 1278 1279
43398 1279 1279
43405 1279 1279
43413 1279 1279
43421 1279 1279
43429 1279 1279
43437 1279 1279
43445 1279 1279
43452 1278 1279
43460 1278 1279
43468 1279 1279
43476 1278 1279
43483 1278 1279
43491 1279 1279
43499 1279 1279
43507 1279 1279
43515 1278 1279
43522 1279 1279
43530 1279 1279
43538 1279 1279
43546 1279 1279
43554 1279 1279
43562 1279 1279
43570 1279 1279
43577 1279 1279
43585 1279 1279
43594 1279 1279
43601 1279 1279
43609 1279 1279
43617 1279 1279
43625 1279 1279
43633 1279 1279
43641 1279 1279
43648 1279 1279
43656 1278 1279
43664 1278 1279
43672 1279 1279
43680 1279 1279
43687 1279 1279
43695 1279 1279
43702 1279 1279
43710 1279 1279
43718 1279 1279
43726 1279 1279
43733 1279 1279
43741 1279 1279
43749 1279 1279
43757 1279 1279
43764 1279 1279
43772 1279 1279
43779 1278 1279
43787 1279 1279
43795 1279 1279
43802 1279 1279
43810 1279 1279
43818 1279 1279
43825 1279 1279
43833 1278 1279
43841 1279 1279
43848 1279 1279
43856 1278 1279
43864 1279 1279
43872 1279 1279
43879 1279 1279
43887 1279 1279
43895 1278 1279
43903 1279 1279
43910 1278 1279
43918 1279 1279
43926 1279 1279
43934 1279 1279
43941 1279 1279
43949 1279 1279
43957 1278 1279
43965 1279 1279
43972 1279 1279
43980 1279 1279
43988 1279 1279
43997 1279 1279
44004 1279 1279
44012 1279 1279
44020 1279 1279
44028 1279 1279
44037 1279 1279
44045 1279 1279
44053 1279 1279
44061 1279 1279
44069 1279 1279
44078 1279 1279
44085 1278 1279
44093 1279 1279
44101 1279 1279
44109 1279 1279
44118 1278 1279
44126 1279 1279
44133 1279 1279
44141 1279 1279
44149 1279 1279
44157 1279 1279
44165 1279 1279
44173 1277 1279
44181 1279 1279
44189 1279 1279
44197 1279 1279
44204 1279 1279
44212 1279 1279
44220 1279 1279
44228 1279 1279
44236 1279 1279
44243 1279 1279
44251 1279 1279
44259 1279 1279
44266 1279 1279
44274 1279 1279
44282 1279 1279
44289 1279 1279
44297 1279 1279
44305 1278 1279
44312 1279 1279
44320 1279 1279
44328 1279 1279
44335 1279 1279
44343 1279 1279
44351 1279 1279
44359 1279 1279
44366 1278 1279
44374 1279 1279
44382 1279 1279
44389 1278 1279
44397 1279 1279
44405 1279 1279
44412 1279 1279
44420 1278 1279
44428 1279 1279
44435 1279 1279
44443 1279 1279
44451 1279 1279
44458 1279 1279
44466 1279 1279
44474 1279 1279
44482 1279 1279
44489 1279 1279
44497 1279 1279
44505 1277 1279
44512 1279 1279
44520 1279 1279
44528 1279 1279
44535 1279 1279
44543 1279 1279
44551 1278 1279
44559 1279 1279
44566 1279 1279
44574 1279 1279
44581 1279 1279
44589 1278 1279
44597 1278 1279
44605 1279 1279
44612 1278 1279
44620 1279 1279
44628 1279 1279
44635 1278 1279
44643 1279 1279
44650 1278 1279
44658 1279 1279
44666 1279 1279
44674 1279 1279
44681 1279 1279
44689 1278 1279
44696 1279 1279
44704 1279 1279
44712 1279 1279
44719 1279 1279
44727 1279 1279
44734 1279 1279
44742 1279 1279
44750 1279 1279
44757 1279 1279
44765 1279 1279
44772 1278 1279
44780 1279 1279
44788 1279 1279
44795 1279 1279
44803 1278 1279
44810 1278 1279
44818 1279 1279
44826 1279 1279
44833 1279 1279
44841 1279 1279
44848 1279 1279
44856 1279 1279
44864 1279 1279
44871 1279 1279
44879 1279 1279
44886 1279 1279
44894 1279 1279
44902 1279 1279
44910 1279 1279
44917 1279 1279
44925 1279 1279
44932 1279 1279
44940 1279 1279
44948 1278 1279
44955 1279 1279
44963 1279 1279
44970 1279 1279
44978 1278 1279
44986 1277 1279
44994 1278 1279
45001 1279 1279
45009 1279 1279
45016 1279 1279
45024 1279 1279
45032 1279 1279
45039 1279 1279
45047 1279 1279
45054 1279 1279
45062 1279 1279
45070 1279 1279
45078 1279 1279
45086 1279 1279
45093 1279 1279
45101 1279 1279
45108 1279 1279
45116 1278 1279
45124 1279 1279
45132 1279 1279
45139 1279 1279
45147 1279 1279
45155 1278 1279
45162 1279 1279
45170 1278 1279
45178 1279 1279
45185 1279 1279
45193 1279 1279
45201 1279 1279
45209 1279 1279
45216 1279 1279
45224 1279 1279
45231 1278 1279
45239 1279 1279
45247 1279 1279
45255 1279 1279
45263 1279 1279
45270 1279 1279
45278 1279 1279
45286 1279 1279
45293 1279 1279
45301 1279 1279
45309 1279 1279
45317 1279 1279
45325 1278 1279
45333 1279 1279
45340 1279 1279
45349 1279 1279
45356 1279 1279
45364 1279 1279
45372 1279 1279
45380 1279 1279
45388 1279 1279
45396 1279 1279
45404 1278 1279
45412 1279 1279
45419 1279 1279
45427 1279 1279
45435 1279 1279
45443 1279 1279
45451 1278 1279
45459 1279 1279
45467 1279 1279
45475 1279 1279
45482 1278 1279
45490 1279 1279
45498 1279 1279
45506 1279 1279
45514 1279 1279
45522 1279 1279
45530 1279 1279
45537 1279 1279
45545 1279 1279
45553 1279 1279
45561 1279 1279
45569 1278 1279
45577 1278 1279
45584 1277 1279
45592 1279 1279
45600 1279 1279
45608 1279 1279
45616 1279 1279
45624 1279 1279
45632 1279 1279
45639 1279 1279
45647 1278 1279
45655 1279 1279
45662 1279 1279
45670 1279 1279
45678 1279 1279
45686 1279 1279
45694 1279 1279
45701 1279 1279
45709 1278 1279
45717 1279 1279
45725 1279 1279
45733 1279 1279
45741 1279 1279
45749 1279 1279
45757 1279 1279
45765 1279 1279
45774 1278 1279
45782 1279 1279
45790 1279 1279
45798 1279 1279
45806 1279 1279
45815 1279 1279
45823 1279 1279
45831 1279 1279
45839 1279 1279
45847 1278 1279
45855 1279 1279
45863 1279 1279
45871 1279 1279
45878 1278 1279
45886 1279 1279
45894 1279 1279
45902 1278 1279
45910 1279 1279
45918 1279 1279
45925 1279 1279
45934 1279 1279
45942 1279 1279
45950 1279 1279
45957 1279 1279
45965 1279 1279
45974 1279 1279
45982 1279 1279
45990 1279 1279
45998 1279 1279
46006 1278 1279
46015 1278 1279
46023 1279 1279
46031 1279 1279
46039 1278 1279
46047 1278 1279
46056 1279 1279
46064 1279 1279
46072 1278 1279
46080 1279 1279
46088 1279 1279
46097 1279 1279
46105 1279 1279
46113 1278 1279
46121 1279 1279
46129 1278 1279
46138 1279 1279
46146 1279 1279
46154 1279 1279
46162 1278 1279
46170 1278 1279
46179 1279 1279
46187 1279 1279
46195 1279 1279
46203 1279 1279
46211 1279 1279
46220 1279 1279
46228 1279 1279
46236 1279 1279
46244 1279 1279
46252 1279 1279
46260 1279 1279
46268 1279 1279
46276 1279 1279
46284 1278 1279
46292 1279 1279
46299 1279 1279
46307 1279 1279
46314 1279 1279
46322 1279 1279
46330 1279 1279
46338 1279 1279
46345 1279 1279
46353 1278 1279
46361 1279 1279
46368 1279 1279
46376 1279 1279
46384 1279 1279
46391 1279 1279
46399 1279 1279
46407 1278 1279
46415 1279 1279
46422 1279 1279
46430 1279 1279
46437 1278 1279
46445 1279 1279
46453 1279 1279
46461 1279 1279
46468 1279 1279
46476 1279 1279
46484 1279 1279
46492 1279 1279
46499 1279 1279
46507 1279 1279
46514 1278 1279
46522 1279 1279
46530 1279 1279
46538 1278 1279
46546 1278 1279
46554 1278 1279
46562 1279 1279
46570 1278 1279
46578 1278 1279
46586 1279 1279
46594 1279 1279
46602 1277 1279
46610 1279 1279
46619 1279 1279
46627 1279 1279
46635 1279 1279
46643 1278 1279
46651 1279 1279
46660 1279 1279
46668 1279 1279
46676 1279 1279
46684 1279 1279
46693 1279 1279
46701 1279 1279
46709 1279 1279
46717 1279 1279
46725 1279 1279
46734 1279 1279
46742 1278 1279
46750 1279 1279
46758 1278 1279
46766 1279 1279
46775 1279 1279
46783 1279 1279
46791 1279 1279
46799 1279 1279
46807 1279 1279
46816 1279 1279
46824 1279 1279
46832 1279 1279
46840 1279 1279
46848 1279 1279
46857 1279 1279
46865 1279 1279
46873 1279 1279
46881 1279 1279
46889 1279 1279
46898 1279 1279
46906 1278 1279
46914 1279 1279
46922 1278 1279
46930 1279 1279
46939 1279 1279
46947 1279 1279
46955 1279 1279
46963 1279 1279
46971 1279 1279
46980 1279 1279
46988 1279 1279
46995 1279 1279
47003 1279 1279
47011 1279 1279
47019 1279 1279
47027 1278 1279
47035 1279 1279
47042 1279 1279
47050 1279 1279
47059 1279 1279
47067 1279 1279
47075 1279 1279
47083 1279 1279
47091 1279 1279
47099 1279 1279
47107 1279 1279
47115 1279 1279
47122 1279 1279
47130 1279 1279
47139 1279 1279
47147 1279 1279
47154 1279 1279
47162 1278 1279
47170 1278 1279
47178 1279 1279
47186 1278 1279
47194 1278 1279
47201 1279 1279
47209 1279 1279
47218 1279 1279
47225 1279 1279
47233 1278 1279
47241 1278 1279
47249 1279 1279
47257 1279 1279
47265 1279 1279
47273 1279 1279
47281 1279 1279
47289 1279 1279
47297 1279 1279
47305 1277 1279
47313 1279 1279
47321 1279 1279
47329 1279 1279
47338 1279 1279
47346 1279 1279
47354 1279 1279
47361 1279 1279
47369 1279 1279
47378 1279 1279
47386 1279 1279
47393 1279 1279
47401 1279 1279
47409 1279 1279
47417 1279 1279
47425 1279 1279
47433 1279 1279
47441 1279 1279
47449 1279 1279
47457 1279 1279
47465 1279 1279
47473 1279 1279
47480 1279 1279
47488 1279 1279
47496 1279 1279
47504 1279 1279
47512 1279 1279
47520 1279 1279
47528 1279 1279
47537 1278 1279
47545 1279 1279
47553 1279 1279
47561 1279 1279
47569 1278 1279
47578 1279 1279
47586 1279 1279
47594 1279 1279
47602 1279 1279
47609 1279 1279
47618 1279 1279
47626 1278 1279
47634 1279 1279
47642 1279 1279
47650 1279 1279
47659 1278 1279
47667 1278 1279
47674 1279 1279
47682 1278 1279
47690 1279 1279
47698 1279 1279
47706 1279 1279
47714 1279 1279
47721 1278 1279
47729 1279 1279
47737 1278 1279
47745 1279 1279
47752 1279 1279
47760 1279 1279
47768 1279 1279
47775 1279 1279
47783 1279 1279
47791 1279 1279
47798 1279 1279
47806 1279 1279
47814 1279 1279
47821 1279 1279
47829 1279 1279
47837 1278 1279
47845 1279 1279
47852 1279 1279
47860 1279 1279
47868 1279 1279
47875 1279 1279
47883 1279 1279
47891 1279 1279
47898 1279 1279
47906 1279 1279
47914 1279 1279
47922 1279 1279
47929 1279 1279
47937 1279 1279
47945 1279 1279
47952 1279 1279
47960 1279 1279
47968 1279 1279
47975 1279 1279
47983 1279 1279
47991 1279 1279
47998 1279 1279
48006 1279 1279
48014 1279 1279
48021 1279 1279
48029 1279 1279
48037 1279 1279
48045 1279 1279
48052 1279 1279
48060 1279 1279
48068 1279 1279
48075 1279 1279
48083 1279 1279
48091 1278 1279
48098 1279 1279
48106 1279 1279
48114 1279 1279
48122 1279 1279
48129 1279 1279
48137 1279 1279
48144 1278 1279
48152 1279 1279
48160 1279 1279
48169 1279 1279
48176 1279 1279
48184 1279 1279
48192 1279 1279
48200 1279 1279
48209 1279 1279
48217 1279 1279
48225 1278 1279
48233 1279 1279
48241 1279 1279
48250 1279 1279
48258 1279 1279
48266 1279 1279
48274 1279 1279
48282 1279 1279
48290 1279 1279
48298 1279 1279
48306 1279 1279
48313 1278 1279
48321 1279 1279
48330 1279 1279
48338 1279 1279
48346 1279 1279
48354 1279 1279
48362 1279 1279
48371 1279 1279
48379 1279 1279
48387 1279 1279
48395 1279 1279
48403 1279 1279
48412 1279 1279
48420 1279 1279
48428 1279 1279
48436 1279 1279
48444 1279 1279
48453 1279 1279
48460 1279 1279
48468 1279 1279
48476 1279 1279
48485 1279 1279
48493 1279 1279
48501 1279 1279
48509 1279 1279
48517 1279 1279
48525 1279 1279
48533 1279 1279
48541 1279 1279
48549 1279 1279
48557 1279 1279
48565 1279 1279
48573 1279 1279
48581 1279 1279
48589 1279 1279
48597 1279 1279
48605 1279 1279
48612 1279 1279
48620 1279 1279
48628 1279 1279
48636 1279 1279
48644 1279 1279
48652 1279 1279
48660 1279 1279
48667 1278 1279
48675 1279 1279
48683 1279 1279
48691 1279 1279
48699 1279 1279
48707 1279 1279
48715 1279 1279
48722 1279 1279
48730 1279 1279
48738 1279 1279
48746 1279 1279
48754 1279 1279
48761 1279 1279
48769 1279 1279
48776 1279 1279
48784 1279 1279
48792 1279 1279
48800 1279 1279
48807 1279 1279
48815 1278 1279
48823 1279 1279
48830 1279 1279
48838 1279 1279
48846 1279 1279
48853 1279 1279
48861 1279 1279
48869 1279 1279
48877 1279 1279
48884 1279 1279
48892 1279 1279
48899 1279 1279
48907 1279 1279
48916 1279 1279
48923 1279 1279
48931 1279 1279
48939 1279 1279
48947 1278 1279
48956 1279 1279
48964 1279 1279
48972 1279 1279
48980 1279 1279
48988 1279 1279
48997 1278 1279
49005 1279 1279
49013 1279 1279
49021 1279 1279
49029 1279 1279
49037 1279 1279
49045 1279 1279
49053 1279 1279
49061 1279 1279
49069 1279 1279
49078 1279 1279
49086 1279 1279
49094 1279 1279
49102 1279 1279
49110 1279 1279
49119 1279 1279
49127 1279 1279
49135 1279 1279
49143 1279 1279
49151 1279 1279
49160 1279 1279
49168 1279 1279
49176 1279 1279
49184 1278 1279
49192 1279 1279
49201 1279 1279
49209 1279 1279
49217 1279 1279
49225 1279 1279
49233 1279 1279
49242 1279 1279
49250 1279 1279
49258 1279 1279
49266 1279 1279
49275 1279 1279
49283 1279 1279
49291 1279 1279
49299 1279 1279
49307 1279 1279
49316 1279 1279
49324 1279 1279
49332 1279 1279
49340 1279 1279
49348 1279 1279
49357 1279 1279
49364 1279 1279
49372 1279 1279
49380 1279 1279
49388 1279 1279
49397 1279 1279
49404 1279 1279
49412 1279 1279
49420 1279 1279
49428 1279 1279
49437 1279 1279
49445 1279 1279
49453 1279 1279
49461 1279 1279
49469 1279 1279
49478 1279 1279
49486 1279 1279
49494 1279 1279
49502 1279 1279
49510 1279 1279
49519 1279 1279
49527 1279 1279
49535 1279 1279
49543 1279 1279
49551 1279 1279
49560 1278 1279
49568 1279 1279
49576 1279 1279
49584 1279 1279
49592 1279 1279
49601 1279 1279
49609 1278 1279
49617 1279 1279
49625 1279 1279
49634 1279 1279
49642 1279 1279
49650 1279 1279
49658 1279 1279
49666 1279 1279
49675 1279 1279
49683 1278 1279
49691 1279 1279
49699 1279 1279
49707 1278 1279
49716 1278 1279
49724 1279 1279
49732 1279 1279
49740 1279 1279
49748 1279 1279
49757 1279 1279
49765 1279 1279
49773 1279 1279
49781 1279 1279
49789 1279 1279
49798 1279 1279
49806 1279 1279
49814 1279 1279
49822 1279 1279
49830 1279 1279
49839 1278 1279
49847 1279 1279
49855 1279 1279
49863 1279 1279
49871 1279 1279
49880 1279 1279
49888 1279 1279
49896 1279 1279
49904 1279 1279
49912 1279 1279
49921 1279 1279
49929 1279 1279
49937 1279 1279
49945 1279 1279
49953 1279 1279
49962 1279 1279
49970 1279 1279
49978 1279 1279
49986 1279 1279
49994 1279 1279
50003 1279 1279
50011 1279 1279
50019 1279 1279
50027 1279 1279
50035 1279 1279
50044 1279 1279
50052 1279 1279
50060 1279 1279
50068 1279 1279
50076 1279 1279
50085 1279 1279
50093 1278 1279
50101 1279 1279
50109 1279 1279
50117 1279 1279
50126 1279 1279
50134 1279 1279
50142 1279 1279
50150 1279 1279
50158 1279 1279
50167 1279 1279
50175 1279 1279
50183 1279 1279
50191 1279 1279
50199 1279 1279
50208 1279 1279
50216 1279 1279
50224 1279 1279
50232 1279 1279
50240 1279 1279
50249 1279 1279
50256 1279 1279
50264 1279 1279
50272 1279 1279
50280 1279 1279
50288 1279 1279
50296 1279 1279
50304 1279 1279
50312 1279 1279
50320 1279 1279
50328 1279 1279
50335 1279 1279
50343 1279 1279
50351 1279 1279
50359 1279 1279
50367 1279 1279
50375 1279 1279
50383 1279 1279
50390 1279 1279
50398 1279 1279
50406 1279 1279
50414 1279 1279
50422 1279 1279
50430 1279 1279
50438 1279 1279
50445 1279 1279
50453 1279 1279
50461 1279 1279
50469 1279 1279
50477 1278 1279
50485 1279 1279
50493 1279 1279
50501 1279 1279
50508 1279 1279
50516 1279 1279
50524 1279 1279
50532 1279 1279
50540 1279 1279
50548 1279 1279
50556 1279 1279
50563 1279 1279
50572 1279 1279
50580 1279 1279
50587 1279 1279
50595 1279 1279
50603 1279 1279
50611 1279 1279
50619 1278 1279
50627 1279 1279
50634 1279 1279
50642 1279 1279
50650 1279 1279
50658 1279 1279
50666 1279 1279
50674 1279 1279
50682 1279 1279
50690 1279 1279
50698 1279 1279
50706 1279 1279
50714 1278 1279
50722 1279 1279
50731 1279 1279
50739 1279 1279
50747 1278 1279
50755 1279 1279
50763 1279 1279
50772 1279 1279
50780 1279 1279
50788 1279 1279
50796 1279 1279
50804 1279 1279
50813 1279 1279
50821 1279 1279
50829 1279 1279
50837 1279 1279
50845 1279 1279
50854 1279 1279
50862 1279 1279
50870 1279 1279
50878 1279 1279
50886 1279 1279
50895 1279 1279
50903 1279 1279
50911 1279 1279
50919 1279 1279
50927 1279 1279
50936 1279 1279
50944 1279 1279
50952 1279 1279
50960 1279 1279
50968 1279 1279
50977 1278 1279
50985 1279 1279
50993 1279 1279
51001 1279 1279
51009 1279 1279
51018 1279 1279
51026 1279 1279
51034 1279 1279
51042 1279 1279
51050 1278 1279
51059 1278 1279
51067 1279 1279
51075 1279 1279
51083 1279 1279
51092 1279 1279
51100 1279 1279
51108 1279 1279
51116 1279 1279
51124 1279 1279
51133 1279 1279
51141 1279 1279
51149 1279 1279
51157 1279 1279
51165 1279 1279
51174 1279 1279
51182 1279 1279
51190 1279 1279
51198 1279 1279
51206 1279 1279
51215 1279 1279
51223 1279 1279
51231 1279 1279
51239 1279 1279
51247 1279 1279
51256 1279 1279
51264 1279 1279
51272 1279 1279
51280 1279 1279
51288 1279 1279
51297 1279 1279
51305 1279 1279
51313 1279 1279
51321 1279 1279
51329 1279 1279
51338 1279 1279
51346 1279 1279
51354 1279 1279
51362 1278 1279
51370 1279 1279
51379 1279 1279
51387 1279 1279
51395 1278 1279
51403 1279 1279
51412 1279 1279
51420 1279 1279
51428 1279 1279
51436 1279 1279
51444 1279 1279
51453 1279 1279
51461 1279 1279
51469 1279 1279
51477 1279 1279
51485 1279 1279
51494 1279 1279
51502 1279 1279
51510 1279 1279
51518 1278 1279
51526 1279 1279
51535 1279 1279
51543 1279 1279
51551 1279 1279
51559 1278 1279
51567 1279 1279
51576 1279 1279
51584 1279 1279
51592 1279 1279
51600 1279 1279
51608 1279 1279
51617 1279 1279
51625 1279 1279
51633 1279 1279
51641 1279 1279
51649 1279 1279
51658 1279 1279
51666 1279 1279
51674 1279 1279
51682 1279 1279
51691 1279 1279
51699 1278 1279
51707 1279 1279
51715 1279 1279
51723 1279 1279
51731 1279 1279
51739 1279 1279
51747 1279 1279
51755 1279 1279
51763 1279 1279
51771 1279 1279
51779 1279 1279
51787 1279 1279
51794 1279 1279
51802 1279 1279
51810 1279 1279
51818 1279 1279
51825 1279 1279
51833 1279 1279
51841 1279 1279
51849 1279 1279
51857 1278 1279
51865 1279 1279
51873 1279 1279
51881 1279 1279
51888 1279 1279
51896 1279 1279
51904 1279 1279
51912 1279 1279
51920 1278 1279
51928 1279 1279
51936 1279 1279
51945 1279 1279
51953 1279 1279
51961 1279 1279
51969 1279 1279
51977 1279 1279
51985 1279 1279
51994 1279 1279
52002 1279 1279
52010 1279 1279
52018 1279 1279
52027 1279 1279
52035 1279 1279
52043 1279 1279
52051 1279 1279
52059 1279 1279
52068 1279 1279
52076 1279 1279
52084 1279 1279
52092 1279 1279
52100 1279 1279
52109 1279 1279
52117 1279 1279
52125 1279 1279
52133 1279 1279
52141 1279 1279
52149 1279 1279
52157 1279 1279
52165 1279 1279
52172 1279 1279
52180 1279 1279
52188 1279 1279
52196 1279 1279
52204 1279 1279
52211 1279 1279
52219 1278 1279
52227 1279 1279
52235 1278 1279
52243 1279 1279
52250 1279 1279
52258 1279 1279
52266 1279 1279
52274 1279 1279
52282 1279 1279
52289 1279 1279
52297 1279 1279
52305 1279 1279
52313 1279 1279
52321 1279 1279
52329 1279 1279
52337 1279 1279
52345 1279 1279
52353 1279 1279
52362 1279 1279
52370 1279 1279
52378 1279 1279
52386 1279 1279
52394 1279 1279
52403 1279 1279
52411 1279 1279
52418 1279 1279
52426 1279 1279
52434 1279 1279
52442 1279 1279
52450 1279 1279
52458 1279 1279
52465 1279 1279
52473 1279 1279
52481 1279 1279
52489 1279 1279
52496 1279 1279
52504 1279 1279
52511 1279 1279
52519 1279 1279
52527 1279 1279
52535 1279 1279
52542 1279 1279
52550 1278 1279
52557 1279 1279
52565 1279 1279
52573 1279 1279
52581 1279 1279
52588 1279 1279
52596 1279 1279
52604 1279 1279
52611 1279 1279
52619 1279 1279
52627 1279 1279
52634 1279 1279
52642 1279 1279
52650 1279 1279
52658 1279 1279
52665 1279 1279
52673 1279 1279
52681 1279 1279
52688 1279 1279
52696 1279 1279
52704 1279 1279
52711 1279 1279
52719 1279 1279
52727 1279 1279
52734 1279 1279
52742 1279 1279
52750 1279 1279
52757 1279 1279
52765 1279 1279
52773 1279 1279
52781 1279 1279
52788 1279 1279
52796 1279 1279
52804 1279 1279
52812 1279 1279
52820 1279 1279
52828 1279 1279
52835 1279 1279
52844 1279 1279
52851 1279 1279
52859 1279 1279
52867 1279 1279
52875 1279 1279
52883 1279 1279
52890 1279 1279
52898 1279 1279
52906 1279 1279
52914 1279 1279
52922 1279 1279
52930 1279 1279
52938 1279 1279
52946 1279 1279
52954 1279 1279
52962 1278 1279
52970 1279 1279
52978 1279 1279
52987 1279 1279
52995 1279 1279
53003 1279 1279
53011 1279 1279
53019 1279 1279
53028 1279 1279
53036 1279 1279
53044 1279 1279
53052 1279 1279
53060 1279 1279
53069 1279 1279
53077 1279 1279
53085 1279 1279
53093 1279 1279
53101 1279 1279
53110 1279 1279
53118 1279 1279
53126 1279 1279
53134 1279 1279
53142 1279 1279
53151 1279 1279
53159 1279 1279
53167 1279 1279
53175 1279 1279
53183 1279 1279
53192 1279 1279
53200 1279 1279
53208 1279 1279
53216 1279 1279
53224 1279 1279
53233 1279 1279
53241 1279 1279
53249 1279 1279
53257 1279 1279
53265 1279 1279
53273 1279 1279
53281 1279 1279
53288 1279 1279
53296 1279 1279
53304 1279 1279
53312 1279 1279
53319 1279 1279
53327 1279 1279
53335 1279 1279
53342 1279 1279
53350 1279 1279
53358 1279 1279
53365 1279 1279
53373 1279 1279
53381 1279 1279
53388 1279 1279
53396 1279 1279
53404 1279 1279
53411 1279 1279
53419 1279 1279
53427 1279 1279
53434 1279 1279
53442 1279 1279
53449 1279 1279
53457 1279 1279
53465 1279 1279
53473 1279 1279
53480 1279 1279
53488 1279 1279
53496 1279 1279
53503 1279 1279
53511 1279 1279
53519 1279 1279
53527 1279 1279
53534 1279 1279
53542 1279 1279
53550 1279 1279
53557 1279 1279
53565 1279 1279
53573 1279 1279
53580 1279 1279
53588 1279 1279
53596 1279 1279
53603 1279 1279
53611 1279 1279
53619 1279 1279
53627 1279 1279
53634 1279 1279
53642 1279 1279
53650 1279 1279
53657 1279 1279
53665 1279 1279
53673 1279 1279
53680 1279 1279
53688 1279 1279
53696 1279 1279
53703 1279 1279
53711 1279 1279
53719 1279 1279
53727 1279 1279
53734 1279 1279
53742 1279 1279
53750 1279 1279
53757 1279 1279
53765 1279 1279
53773 1279 1279
53781 1279 1279
53789 1279 1279
53797 1279 1279
53805 1279 1279
53813 1279 1279
53821 1279 1279
53830 1279 1279
53838 1279 1279
53846 1279 1279
53854 1279 1279
53862 1279 1279
53871 1279 1279
53879 1279 1279
53887 1279 1279
53895 1279 1279
53903 1279 1279
53912 1279 1279
53920 1279 1279
53928 1279 1279
53936 1279 1279
53944 1279 1279
53953 1279 1279
53961 1279 1279
53969 1279 1279
53977 1279 1279
53985 1279 1279
53994 1279 1279
54002 1279 1279
54010 1279 1279
54018 1279 1279
54026 1279 1279
54035 1279 1279
54043 1279 1279
54051 1279 1279
54059 1279 1279
54067 1279 1279
54075 1279 1279
54082 1279 1279
54091 1279 1279
54099 1279 1279
54106 1279 1279
54114 1279 1279
54122 1279 1279
54131 1279 1279
54139 1279 1279
54146 1279 1279
54154 1279 1279
54162 1279 1279
54170 1279 1279
54178 1279 1279
54185 1279 1279
54193 1279 1279
54201 1279 1279
54209 1279 1279
54217 1279 1279
54225 1277 1279
54232 1278 1279
54240 1279 1279
54248 1279 1279
54256 1279 1279
54264 1279 1279
54271 1279 1279
54279 1279 1279
54287 1279 1279
54295 1279 1279
54303 1279 1279
54311 1279 1279
54319 1279 1279
54326 1279 1279
54335 1279 1279
54342 1279 1279
54350 1279 1279
54358 1279 1279
54366 1279 1279
54374 1279 1279
54382 1279 1279
54389 1279 1279
54397 1279 1279
54405 1279 1279
54413 1279 1279
54421 1279 1279
54429 1279 1279
54436 1279 1279
54444 1279 1279
54453 1279 1279
54460 1279 1279
54468 1279 1279
54476 1279 1279
54484 1279 1279
54492 1279 1279
54500 1279 1279
54508 1279 1279
54516 1279 1279
54523 1279 1279
54532 1279 1279
54539 1279 1279
54547 1279 1279
54555 1279 1279
54563 1279 1279
54571 1279 1279
54579 1279 1279
54587 1279 1279
54595 1279 1279
54602 1279 1279
54611 1279 1279
54619 1279 1279
54626 1279 1279
54634 1279 1279
54642 1279 1279
54650 1279 1279
54658 1279 1279
54666 1279 1279
54674 1279 1279
54682 1279 1279
54690 1279 1279
54698 1279 1279
54706 1279 1279
54714 1279 1279
54721 1279 1279
54730 1279 1279
54738 1279 1279
54745 1279 1279
54753 1279 1279
54761 1279 1279
54769 1279 1279
54777 1279 1279
54785 1279 1279
54793 1279 1279
54801 1279 1279
54809 1278 1279
54817 1279 1279
54825 1279 1279
54833 1279 1279
54840 1279 1279
54849 1279 1279
54856 1279 1279
54864 1279 1279
54872 1279 1279
54880 1279 1279
54889 1279 1279
54897 1279 1279
54904 1279 1279
54912 1279 1279
54920 1279 1279
54928 1279 1279
54936 1279 1279
54943 1279 1279
54951 1279 1279
54959 1279 1279
54966 1279 1279
54974 1279 1279
54982 1279 1279
54989 1279 1279
54997 1279 1279
55005 1279 1279
55013 1279 1279
55020 1279 1279
55028 1279 1279
55036 1279 1279
55043 1279 1279
55051 1279 1279
55059 1279 1279
55066 1279 1279
55074 1279 1279
55082 1279 1279
55090 1279 1279
55097 1278 1279
55105 1279 1279
55112 1279 1279
55120 1279 1279
55128 1279 1279
55136 1279 1279
55143 1279 1279
55151 1279 1279
55159 1279 1279
55166 1279 1279
55174 1279 1279
55182 1279 1279
55189 1279 1279
55197 1279 1279
55205 1279 1279
55213 1279 1279
55221 1279 1279
55228 1279 1279
55236 1279 1279
55244 1279 1279
55252 1279 1279
55260 1279 1279
55267 1279 1279
55275 1279 1279
55283 1279 1279
55291 1279 1279
55299 1279 1279
55307 1279 1279
55315 1279 1279
55323 1279 1279
55330 1279 1279
55338 1279 1279
55346 1279 1279
55354 1279 1279
55362 1279 1279
55370 1279 1279
55378 1279 1279
55385 1279 1279
55393 1279 1279
55401 1279 1279
55409 1279 1279
55417 1279 1279
55425 1279 1279
55432 1279 1279
55441 1279 1279
55449 1279 1279
55456 1279 1279
55464 1279 1279
55472 1279 1279
55480 1279 1279
55488 1279 1279
55496 1279 1279
55504 1279 1279
55511 1279 1279
55519 1279 1279
55527 1279 1279
55535 1279 1279
55543 1279 1279
55551 1279 1279
55559 1279 1279
55567 1279 1279
55574 1279 1279
55582 1279 1279
55590 1279 1279
55598 1279 1279
55606 1279 1279
55614 1279 1279
55621 1279 1279
55629 1279 1279
55637 1279 1279
55645 1279 1279
55653 1279 1279
55660 1279 1279
55668 1279 1279
55676 1279 1279
55684 1279 1279
55691 1279 1279
55699 1279 1279
55707 1279 1279
55714 1279 1279
55722 1279 1279
55730 1279 1279
55737 1279 1279
55745 1279 1279
55753 1279 1279
55760 1279 1279
55768 1279 1279
55776 1279 1279
55783 1279 1279
55791 1279 1279
55799 1279 1279
55807 1279 1279
55814 1279 1279
55822 1279 1279
55830 1279 1279
55837 1279 1279
55845 1279 1279
55853 1279 1279
55860 1279 1279
55868 1279 1279
55876 1279 1279
55884 1279 1279
55891 1279 1279
55899 1279 1279
55906 1279 1279
55914 1279 1279
55922 1279 1279
55930 1279 1279
55937 1279 1279
55945 1279 1279
55953 1279 1279
55960 1279 1279
55968 1279 1279
55976 1279 1279
55984 1279 1279
55992 1279 1279
55999 1279 1279
56008 1279 1279
56015 1279 1279
56023 1279 1279
56031 1279 1279
56039 1279 1279
56047 1279 1279
56055 1279 1279
56062 1279 1279
56070 1279 1279
56078 1279 1279
56086 1279 1279
56094 1279 1279
56102 1279 1279
56109 1279 1279
56117 1279 1279
56125 1279 1279
56132 1279 1279
56140 1279 1279
56148 1279 1279
56156 1279 1279
56164 1279 1279
56172 1279 1279
56180 1279 1279
56187 1279 1279
56195 1279 1279
56203 1278 1279
56211 1279 1279
56219 1279 1279
56227 1279 1279
56235 1279 1279
56243 1279 1279
56250 1279 1279
56258 1279 1279
56266 1279 1279
56274 1279 1279
56282 1279 1279
56290 1279 1279
56298 1279 1279
56306 1279 1279
56314 1279 1279
56322 1279 1279
56330 1279 1279
56338 1279 1279
56346 1279 1279
56355 1279 1279
56363 1279 1279
56371 1279 1279
56379 1279 1279
56387 1279 1279
56396 1279 1279
56404 1279 1279
56412 1279 1279
56420 1279 1279
56428 1279 1279
56437 1279 1279
56445 1279 1279
56453 1279 1279
56461 1279 1279
56469 1279 1279
56478 1278 1279
56486 1279 1279
56493 1279 1279
56501 1279 1279
56509 1279 1279
56518 1279 1279
56526 1279 1279
56534 1279 1279
56542 1279 1279
56550 1279 1279
56559 1279 1279
56567 1279 1279
56575 1279 1279
56583 1279 1279
56592 1279 1279
56600 1279 1279
56608 1278 1279
56616 1279 1279
56624 1279 1279
56632 1279 1279
56641 1279 1279
56649 1279 1279
56657 1279 1279
56665 1279 1279
56673 1279 1279
56681 1279 1279
56689 1279 1279
56697 1279 1279
56705 1279 1279
56714 1279 1279
56722 1279 1279
56730 1279 1279
56738 1279 1279
56746 1279 1279
56754 1279 1279
56763 1279 1279
56771 1279 1279
56778 1279 1279
56786 1279 1279
56794 1279 1279
56802 1279 1279
56810 1279 1279
56817 1279 1279
56825 1279 1279
56833 1279 1279
56841 1279 1279
56849 1279 1279
56856 1279 1279
56864 1279 1279
56872 1279 1279
56880 1279 1279
56888 1279 1279
56896 1279 1279
56903 1279 1279
56911 1279 1279
56920 1279 1279
56928 1279 1279
56936 1279 1279
56943 1279 1279
56951 1279 1279
56960 1279 1279
56968 1279 1279
56976 1279 1279
56984 1279 1279
56992 1279 1279
57000 1279 1279
57008 1279 1279
57016 1279 1279
57024 1279 1279
57032 1279 1279
57041 1279 1279
57049 1279 1279
57057 1279 1279
57065 1279 1279
57073 1279 1279
57082 1279 1279
57090 1279 1279
57098 1279 1279
57106 1279 1279
57114 1279 1279
57123 1279 1279
57131 1279 1279
57139 1279 1279
57147 1279 1279
57155 1279 1279
57164 1279 1279
57172 1279 1279
57180 1279 1279
57188 1279 1279
57197 1279 1279
57205 1279 1279
57213 1279 1279
57221 1279 1279
57229 1279 1279
57238 1279 1279
57246 1279 1279
57254 1279 1279
57262 1279 1279
57270 1279 1279
57279 1279 1279
57287 1279 1279
57295 1279 1279
57303 1279 1279
57311 1279 1279
57320 1279 1279
57328 1279 1279
57336 1279 1279
57344 1279 1279
57352 1279 1279
57361 1279 1279
57369 1279 1279
57377 1279 1279
57385 1279 1279
57393 1279 1279
57402 1279 1279
57410 1279 1279
57418 1279 1279
57426 1279 1279
57434 1279 1279
57442 1279 1279
57450 1279 1279
57459 1279 1279
57466 1279 1279
57474 1279 1279
57482 1279 1279
57490 1279 1279
57499 1279 1279
57507 1279 1279
57515 1279 1279
57523 1279 1279
57531 1279 1279
57540 1279 1279
57548 1279 1279
57556 1279 1279
57564 1279 1279
57573 1279 1279
57581 1279 1279
57589 1279 1279
57597 1279 1279
57605 1279 1279
57613 1279 1279
57622 1279 1279
57630 1279 1279
57638 1279 1279
57646 1279 1279
57655 1279 1279
57663 1279 1279
57671 1279 1279
57679 1279 1279
57687 1279 1279
57696 1279 1279
57704 1279 1279
57712 1279 1279
57720 1279 1279
57728 1279 1279
57737 1279 1279
57745 1279 1279
57753 1279 1279
57761 1279 1279
57769 1279 1279
57778 1279 1279
57786 1279 1279
57794 1279 1279
57802 1279 1279
57810 1279 1279
57819 1279 1279
57827 1279 1279
57835 1279 1279
57843 1279 1279
57851 1279 1279
57860 1279 1279
57868 1279 1279
57876 1279 1279
57884 1279 1279
57892 1279 1279
57901 1279 1279
57909 1279 1279
57917 1279 1279
57925 1279 1279
57933 1279 1279
57942 1279 1279
57950 1279 1279
57958 1279 1279
57966 1279 1279
57974 1279 1279
57983 1279 1279
57991 1279 1279
57999 1279 1279
58007 1279 1279
58015 1279 1279
58024 1279 1279
58032 1279 1279
58040 1279 1279
58048 1279 1279
58056 1279 1279
58065 1279 1279
58073 1279 1279
58081 1279 1279
58089 1279 1279
58097 1279 1279
58106 1279 1279
58114 1279 1279
58122 1279 1279
58130 1279 1279
58139 1279 1279
58147 1279 1279
58155 1279 1279
58163 1278 1279
58171 1279 1279
58180 1279 1279
58188 1278 1279
58196 1279 1279
58204 1279 1279
58212 1279 1279
58221 1279 1279
58229 1279 1279
58237 1279 1279
58245 1279 1279
58253 1279 1279
58262 1279 1279
58270 1279 1279
58278 1279 1279
58286 1279 1279
58294 1279 1279
58303 1279 1279
58311 1279 1279
58318 1279 1279
58326 1279 1279
58334 1279 1279
58343 1279 1279
58350 1279 1279
58358 1279 1279
58366 1279 1279
58374 1279 1279
58382 1279 1279
58390 1279 1279
58398 1279 1279
58406 1279 1279
58413 1279 1279
58422 1279 1279
58430 1279 1279
58438 1279 1279
58446 1279 1279
58453 1279 1279
58461 1279 1279
58469 1279 1279
58477 1279 1279
58485 1279 1279
58493 1279 1279
58501 1279 1279
58509 1279 1279
58517 1279 1279
58525 1279 1279
58533 1279 1279
58541 1279 1279
58549 1279 1279
58557 1279 1279
58565 1279 1279
58572 1279 1279
58580 1279 1279
58589 1279 1279
58597 1279 1279
58605 1279 1279
58613 1279 1279
58621 1279 1279
58630 1279 1279
58638 1279 1279
58646 1279 1279
58654 1279 1279
58662 1279 1279
58671 1279 1279
58679 1278 1279
58687 1279 1279
58695 1279 1279
58704 1279 1279
58712 1279 1279
58720 1279 1279
58728 1279 1279
58736 1279 1279
58745 1279 1279
58753 1279 1279
58761 1279 1279
58769 1279 1279
58777 1279 1279
58786 1278 1279
58794 1279 1279
58802 1279 1279
58810 1279 1279
58818 1279 1279
58827 1279 1279
58835 1279 1279
58843 1279 1279
58851 1279 1279
58859 1279 1279
58868 1279 1279
58876 1279 1279
58884 1279 1279
58892 1279 1279
58900 1279 1279
58909 1279 1279
58917 1279 1279
58925 1279 1279
58933 1279 1279
58941 1279 1279
58950 1279 1279
58958 1279 1279
58966 1279 1279
58974 1279 1279
58982 1279 1279
58991 1279 1279
58999 1279 1279
59007 1279 1279
59015 1279 1279
59023 1279 1279
59031 1279 1279
59039 1279 1279
59047 1279 1279
59054 1279 1279
59062 1279 1279
59070 1279 1279
59078 1279 1279
59085 1279 1279
59093 1279 1279
59100 1279 1279
59108 1279 1279
59116 1279 1279
59124 1279 1279
59131 1279 1279
59139 1279 1279
59147 1279 1279
59154 1279 1279
59162 1279 1279
59170 1279 1279
59178 1279 1279
59185 1279 1279
59193 1279 1279
59201 1279 1279
59208 1279 1279
59216 1279 1279
59224 1279 1279
59231 1279 1279
59239 1279 1279
59247 1279 1279
59255 1279 1279
59262 1279 1279
59270 1279 1279
59277 1279 1279
59285 1279 1279
59293 1279 1279
59301 1279 1279
59308 1279 1279
59316 1279 1279
59324 1279 1279
59331 1279 1279
59339 1279 1279
59347 1278 1279
59355 1279 1279
59363 1279 1279
59370 1279 1279
59378 1279 1279
59386 1279 1279
59394 1279 1279
59402 1279 1279
59410 1279 1279
59419 1279 1279
59427 1279 1279
59435 1279 1279
59443 1279 1279
59451 1279 1279
59460 1279 1279
59468 1279 1279
59476 1279 1279
59484 1279 1279
59492 1279 1279
59500 1279 1279
59507 1279 1279
59515 1279 1279
59523 1279 1279
59531 1279 1279
59539 1279 1279
59547 1279 1279
59555 1279 1279
59563 1279 1279
59572 1279 1279
59580 1279 1279
59588 1279 1279
59596 1279 1279
59604 1279 1279
59613 1279 1279
59621 1279 1279
59629 1279 1279
59637 1279 1279
59645 1279 1279
59654 1279 1279
59662 1279 1279
59670 1279 1279
59678 1279 1279
59686 1279 1279
59694 1279 1279
59702 1279 1279
59710 1279 1279
59718 1278 1279
59726 1278 1279
59734 1279 1279
59741 1279 1279
59749 1279 1279
59757 1279 1279
59765 1279 1279
59773 1279 1279
59781 1279 1279
59789 1279 1279
59797 1279 1279
59805 1279 1279
59812 1279 1279
59820 1279 1279
59828 1279 1279
59836 1279 1279
59844 1279 1279
59851 1279 1279
59859 1279 1279
59867 1279 1279
59874 1279 1279
59882 1279 1279
59890 1279 1279
59898 1279 1279
59906 1279 1279
59913 1279 1279
59921 1279 1279
59929 1279 1279
59937 1279 1279
59944 1279 1279
59951 1279 1279
59959 1279 1279
59967 1279 1279
59975 1279 1279
59982 1279 1279
59990 1279 1279
59998 1279 1279
60006 1279 1279
60013 1279 1279
60021 1279 1279
60028 1279 1279
60036 1279 1279
60044 1279 1279
60052 1279 1279
60059 1279 1279
60067 1279 1279
60075 1279 1279
60082 1279 1279
60090 1279 1279
60098 1279 1279
60106 1279 1279
60113 1279 1279
60121 1279 1279
60129 1279 1279
60136 1279 1279
60144 1279 1279
60152 1279 1279
60159 1279 1279
60167 1279 1279
60175 1279 1279
60183 1279 1279
60190 1279 1279
60198 1279 1279
60205 1279 1279
60213 1279 1279
60221 1278 1279
60229 1279 1279
60236 1279 1279
60244 1279 1279
60252 1279 1279
60259 1279 1279
60267 1279 1279
60275 1279 1279
60282 1279 1279
60290 1279 1279
60298 1279 1279
60306 1279 1279
60313 1279 1279
60321 1279 1279
60329 1279 1279
60337 1279 1279
60344 1279 1279
60352 1279 1279
60360 1279 1279
60368 1279 1279
60375 1279 1279
60383 1279 1279
60391 1279 1279
60398 1279 1279
60406 1279 1279
60414 1279 1279
60422 1279 1279
60430 1279 1279
60437 1279 1279
60445 1279 1279
60453 1279 1279
60461 1279 1279
60469 1279 1279
60477 1279 1279
60485 1279 1279
60493 1279 1279
60501 1279 1279
60508 1279 1279
60516 1279 1279
60525 1279 1279
60533 1279 1279
60541 1279 1279
60549 1279 1279
60557 1279 1279
60566 1279 1279
60574 1279 1279
60582 1279 1279
60590 1279 1279
60599 1279 1279
60607 1279 1279
60615 1279 1279
60623 1279 1279
60631 1279 1279
60640 1279 1279
60648 1279 1279
60656 1279 1279
60664 1279 1279
60672 1279 1279
60681 1279 1279
60689 1278 1279
60697 1279 1279
60704 1279 1279
60712 1279 1279
60721 1279 1279
60729 1279 1279
60737 1279 1279
60745 1279 1279
60752 1279 1279
60761 1279 1279
60768 1279 1279
60776 1279 1279
60784 1279 1279
60791 1279 1279
60799 1279 1279
60807 1279 1279
60815 1279 1279
60823 1279 1279
60830 1279 1279
60838 1279 1279
60846 1279 1279
60854 1279 1279
60861 1279 1279
60869 1279 1279
60877 1279 1279
60884 1279 1279
60892 1279 1279
60900 1279 1279
60907 1279 1279
60915 1279 1279
60923 1279 1279
60931 1279 1279
60939 1279 1279
60946 1279 1279
60954 1279 1279
60962 1279 1279
60970 1279 1279
60978 1279 1279
60986 1279 1279
60993 1279 1279
61001 1279 1279
61009 1279 1279
61017 1279 1279
61025 1279 1279
61033 1279 1279
61041 1279 1279
61050 1279 1279
61058 1279 1279
61066 1279 1279
61074 1279 1279
61082 1279 1279
61091 1279 1279
61099 1279 1279
61107 1279 1279
61115 1279 1279
61123 1279 1279
61132 1279 1279
61140 1279 1279
61148 1279 1279
61156 1279 1279
61164 1279 1279
61173 1279 1279
61181 1279 1279
61189 1279 1279
61197 1279 1279
61206 1279 1279
61214 1279 1279
61222 1279 1279
61230 1279 1279
61238 1279 1279
61247 1279 1279
61255 1279 1279
61263 1279 1279
61271 1279 1279
61279 1279 1279
61288 1279 1279
61296 1279 1279
61304 1279 1279
61312 1279 1279
61320 1279 1279
61329 1278 1279
61337 1279 1279
61345 1279 1279
61353 1279 1279
61361 1279 1279
61370 1279 1279
61378 1279 1279
61386 1279 1279
61394 1279 1279
61402 1279 1279
61411 1279 1279
61419 1279 1279
61427 1279 1279
61435 1279 1279
61443 1279 1279
61452 1279 1279
61460 1279 1279
61468 1279 1279
61476 1279 1279
61484 1279 1279
61493 1279 1279
61501 1279 1279
61509 1279 1279
61517 1279 1279
61525 1279 1279
61534 1279 1279
61542 1279 1279
61550 1279 1279
61558 1279 1279
61566 1279 1279
61574 1279 1279
61582 1279 1279
61590 1279 1279
61598 1279 1279
61606 1279 1279
61614 1279 1279
61622 1279 1279
61630 1279 1279
61638 1279 1279
61646 1279 1279
61654 1279 1279
61662 1279 1279
61670 1279 1279
61677 1279 1279
61685 1279 1279
61694 1279 1279
61702 1279 1279
61710 1279 1279
61718 1279 1279
61726 1279 1279
61735 1279 1279
61743 1279 1279
61751 1279 1279
61759 1279 1279
61767 1279 1279
61776 1279 1279
61784 1279 1279
61792 1279 1279
61800 1279 1279
61808 1279 1279
61817 1279 1279
61825 1279 1279
61832 1279 1279
61840 1279 1279
61848 1279 1279
61856 1279 1279
61864 1279 1279
61872 1279 1279
61879 1279 1279
61887 1279 1279
61895 1279 1279
61903 1279 1279
61911 1279 1279
61919 1279 1279
61927 1279 1279
61935 1279 1279
61943 1279 1279
61951 1279 1279
61958 1279 1279
61966 1279 1279
61974 1279 1279
61982 1279 1279
61990 1279 1279
61998 1279 1279
62006 1279 1279
62014 1279 1279
62022 1279 1279
62030 1279 1279
62038 1279 1279
62045 1279 1279
62054 1279 1279
62062 1279 1279
62070 1279 1279
62078 1279 1279
62085 1279 1279
62094 1279 1279
62102 1279 1279
62110 1279 1279
62118 1279 1279
62125 1279 1279
62133 1279 1279
62141 1279 1279
62150 1279 1279
62157 1279 1279
62165 1279 1279
62173 1279 1279
62181 1279 1279
62190 1279 1279
62197 1279 1279
62205 1279 1279
62213 1279 1279
62221 1279 1279
62229 1279 1279
62237 1279 1279
62245 1279 1279
62253 1279 1279
62261 1279 1279
62269 1279 1279
62277 1279 1279
62284 1279 1279
62292 1279 1279
62300 1279 1279
62309 1279 1279
62317 1279 1279
62325 1279 1279
62333 1279 1279
62341 1279 1279
62350 1279 1279
62358 1279 1279
62366 1279 1279
62374 1279 1279
62382 1279 1279
62391 1279 1279
62399 1279 1279
62407 1279 1279
62415 1279 1279
62423 1279 1279
62432 1279 1279
62440 1279 1279
62448 1279 1279
62456 1279 1279
62464 1279 1279
62473 1279 1279
62481 1279 1279
62489 1279 1279
62497 1279 1279
62506 1279 1279
62514 1279 1279
62522 1279 1279
62530 1279 1279
62538 1279 1279
62547 1279 1279
62555 1279 1279
62563 1279 1279
62571 1279 1279
62579 1279 1279
62588 1279 1279
62596 1279 1279
62604 1279 1279
62611 1279 1279
62619 1279 1279
62627 1279 1279
62635 1279 1279
62643 1279 1279
62651 1279 1279
62659 1279 1279
62667 1279 1279
62675 1279 1279
62683 1279 1279
62690 1279 1279
62698 1279 1279
62706 1279 1279
62713 1279 1279
62721 1279 1279
62729 1279 1279
62737 1279 1279
62745 1279 1279
62753 1279 1279
62761 1279 1279
62769 1279 1279
62776 1279 1279
62784 1279 1279
62792 1279 1279
62801 1279 1279
62809 1279 1279
62816 1279 1279
62824 1279 1279
62832 1279 1279
62841 1279 1279
62849 1279 1279
62857 1279 1279
62865 1279 1279
62874 1279 1279
62882 1279 1279
62890 1279 1279
62898 1279 1279
62906 1279 1279
62915 1279 1279
62923 1279 1279
62931 1279 1279
62939 1279 1279
62947 1279 1279
62956 1279 1279
62964 1279 1279
62972 1279 1279
62980 1279 1279
62988 1279 1279
62997 1279 1279
63004 1279 1279
63012 1279 1279
63020 1279 1279
63028 1279 1279
63036 1279 1279
63045 1279 1279
63053 1279 1279
63061 1279 1279
63069 1279 1279
63078 1279 1279
63085 1279 1279
63093 1279 1279
63101 1279 1279
63109 1279 1279
63118 1279 1279
63125 1279 1279
63133 1279 1279
63140 1279 1279
63148 1279 1279
63156 1279 1279
63164 1279 1279
63171 1279 1279
63179 1279 1279
63187 1279 1279
63194 1279 1279
63203 1279 1279
63210 1279 1279
63218 1279 1279
63226 1279 1279
63234 1279 1279
63242 1279 1279
63250 1279 1279
63257 1279 1279
63265 1279 1279
63273 1279 1279
63281 1279 1279
63289 1279 1279
63297 1279 1279
63304 1279 1279
63312 1279 1279
63320 1279 1279
63327 1279 1279
63335 1279 1279
63343 1279 1279
63350 1279 1279
63358 1279 1279
63366 1279 1279
63374 1279 1279
63381 1279 1279
63389 1279 1279
63396 1279 1279
63404 1279 1279
63412 1278 1279
63420 1279 1279
63427 1279 1279
63435 1279 1279
63443 1279 1279
63450 1279 1279
63458 1279 1279
63466 1279 1279
63473 1279 1279
63481 1279 1279
63489 1279 1279
63497 1279 1279
63504 1279 1279
63512 1279 1279
63520 1279 1279
63527 1279 1279
63535 1279 1279
63543 1279 1279
63550 1279 1279
63558 1279 1279
63566 1279 1279
63573 1279 1279
63581 1279 1279
63589 1279 1279
63596 1279 1279
63604 1279 1279
63612 1279 1279
63620 1279 1279
63627 1279 1279
63635 1279 1279
63643 1279 1279
63651 1279 1279
63659 1279 1279
63666 1279 1279
63674 1279 1279
63682 1279 1279
63690 1279 1279
63698 1279 1279
63706 1279 1279
63713 1279 1279
63721 1279 1279
63729 1279 1279
63737 1279 1279
63745 1279 1279
63752 1279 1279
63760 1279 1279
63768 1279 1279
63776 1279 1279
63783 1279 1279
63791 1279 1279
63799 1279 1279
63806 1279 1279
63814 1279 1279
63822 1279 1279
63829 1279 1279
63837 1279 1279
63845 1279 1279
63853 1279 1279
63861 1279 1279
63868 1279 1279
63876 1279 1279
63884 1279 1279
63892 1279 1279
63899 1279 1279
63907 1279 1279
63915 1279 1279
63923 1279 1279
63931 1279 1279
63938 1279 1279
63946 1279 1279
63954 1279 1279
63962 1279 1279
63970 1279 1279
63977 1279 1279
63985 1279 1279
63993 1279 1279
64001 1279 1279
64009 1279 1279
64016 1279 1279
64024 1279 1279
64032 1279 1279
64040 1279 1279
64048 1279 1279
64056 1279 1279
64063 1279 1279
64071 1279 1279
64079 1279 1279
64087 1279 1279
64095 1279 1279
64103 1279 1279
64111 1279 1279
64119 1279 1279
64126 1279 1279
64134 1279 1279
64142 1279 1279
64150 1279 1279
64158 1279 1279
64165 1279 1279
64173 1279 1279
64181 1279 1279
64188 1279 1279
64196 1279 1279
64204 1279 1279
64212 1279 1279
64219 1279 1279
64227 1279 1279
64235 1279 1279
64242 1279 1279
64250 1279 1279
64258 1279 1279
64265 1279 1279
64273 1279 1279
64281 1279 1279
64288 1279 1279
64296 1279 1279
64304 1279 1279
64311 1279 1279
64319 1279 1279
64327 1279 1279
64335 1279 1279
64342 1279 1279
64350 1279 1279
64358 1279 1279
64366 1279 1279
64373 1279 1279
64381 1279 1279
64389 1279 1279
64397 1279 1279
64406 1279 1279
64414 1279 1279
64422 1279 1279
64430 1279 1279
64438 1279 1279
64447 1279 1279
64455 1278 1279
64463 1279 1279
64471 1279 1279
64479 1279 1279
64488 1279 1279
64496 1279 1279
64504 1279 1279
64512 1279 1279
64521 1279 1279
64529 1279 1279
64537 1279 1279
64545 1279 1279
64553 1279 1279
64561 1279 1279
64569 1279 1279
64577 1279 1279
64585 1279 1279
64592 1279 1279
64600 1279 1279
64609 1279 1279
64617 1279 1279
64625 1279 1279
64633 1279 1279
64641 1279 1279
64649 1279 1279
64656 1279 1279
64664 1279 1279
64672 1279 1279
64680 1279 1279
64687 1279 1279
64695 1279 1279
64703 1279 1279
64711 1279 1279
64718 1279 1279
64726 1279 1279
64734 1279 1279
64742 1279 1279
64749 1279 1279
64757 1279 1279
64765 1279 1279
64773 1279 1279
64781 1279 1279
64789 1279 1279
64796 1279 1279
64805 1279 1279
64813 1279 1279
64821 1279 1279
64829 1279 1279
64837 1279 1279
64845 1279 1279
64854 1279 1279
64862 1279 1279
64870 1279 1279
64878 1279 1279
64887 1279 1279
64895 1279 1279
64903 1279 1279
64911 1279 1279
64919 1279 1279
64927 1279 1279
64936 1279 1279
64944 1279 1279
64952 1279 1279
64960 1279 1279
64968 1279 1279
64977 1279 1279
64985 1279 1279
64993 1279 1279
65001 1279 1279
65009 1279 1279
65018 1279 1279
65026 1279 1279
65034 1279 1279
65042 1279 1279
65050 1279 1279
65058 1279 1279
65066 1279 1279
65074 1279 1279
65082 1279 1279
65090 1279 1279
65099 1279 1279
65107 1279 1279
65115 1279 1279
65123 1279 1279
65131 1279 1279
65139 1279 1279
65147 1279 1279
65155 1279 1279
65163 1279 1279
65171 1279 1279
65179 1279 1279
65187 1279 1279
65195 1279 1279
65203 1279 1279
65211 1279 1279
65219 1279 1279
65227 1279 1279
65235 1279 1279
65243 1279 1279
65251 1279 1279
65258 1279 1279
65267 1279 1279
65275 1279 1279
65282 1279 1279
65290 1279 1279
65298 1279 1279
65306 1279 1279
65314 1279 1279
65322 1279 1279
65330 1279 1279
65338 1279 1279
65347 1279 1279
65355 1279 1279
65363 1279 1279
65371 1279 1279
65379 1279 1279
65388 1279 1279
65396 1279 1279
65404 1279 1279
65412 1279 1279
65420 1279 1279
65429 1279 1279
65437 1279 1279
65445 1279 1279
65453 1279 1279
65461 1279 1279
65470 1279 1279
65478 1279 1279
65486 1279 1279
65494 1279 1279
65502 1279 1279
65511 1279 1279
65519 1279 1279
65527 1279 1279
65535 1279 1279
65543 1279 1279
65552 1279 1279
65560 1279 1279
65568 1279 1279
65576 1279 1279
65584 1279 1279
65593 1279 1279
65601 1279 1279
65609 1279 1279
65617 1279 1279
65626 1279 1279
65634 1279 1279
65642 1279 1279
65650 1279 1279
65658 1279 1279
65666 1279 1279
65674 1279 1279
65682 1279 1279
65690 1279 1279
65698 1279 1279
65707 1279 1279
65715 1279 1279
65723 1279 1279
65731 1279 1279
65739 1279 1279
65748 1279 1279
65756 1279 1279
65764 1279 1279
65772 1277 1279
65780 1279 1279
65789 1279 1279
65797 1279 1279
65805 1279 1279
65813 1279 1279
65821 1279 1279
65830 1279 1279
65838 1279 1279
65846 1279 1279
65854 1279 1279
65862 1279 1279
65871 1279 1279
65879 1279 1279
65887 1279 1279
65895 1279 1279
65903 1279 1279
65912 1279 1279
65920 1279 1279
65928 1279 1279
65936 1279 1279
65944 1279 1279
65953 1279 1279
65961 1279 1279
65968 1279 1279
65976 1279 1279
65984 1279 1279
65992 1279 1279
66000 1279 1279
66008 1279 1279
66015 1279 1279
66023 1279 1279
66031 1279 1279
66039 1279 1279
66047 1279 1279
66055 1279 1279
66063 1279 1279
66072 1279 1279
66080 1279 1279
66088 1279 1279
66096 1279 1279
66104 1279 1279
66113 1279 1279
66121 1279 1279
66129 1279 1279
66137 1279 1279
66145 1279 1279
66154 1279 1279
66162 1279 1279
66170 1279 1279
66178 1279 1279
66185 1279 1279
66194 1279 1279
66202 1279 1279
66210 1279 1279
66218 1279 1279
66225 1279 1279
66234 1279 1279
66241 1279 1279
66249 1279 1279
66257 1279 1279
66265 1279 1279
66273 1279 1279
66280 1279 1279
66288 1279 1279
66296 1279 1279
66303 1279 1279
66311 1279 1279
66319 1279 1279
66326 1279 1279
66334 1279 1279
66342 1279 1279
66349 1279 1279
66357 1279 1279
66365 1279 1279
66373 1279 1279
66381 1279 1279
66389 1279 1279
66397 1279 1279
66405 1279 1279
66412 1279 1279
66420 1279 1279
66428 1279 1279
66436 1279 1279
66444 1279 1279
66452 1279 1279
66460 1279 1279
66467 1279 1279
66475 1279 1279
66483 1279 1279
66491 1279 1279
66499 1279 1279
66507 1279 1279
66515 1279 1279
66523 1279 1279
66531 1279 1279
66539 1279 1279
66547 1279 1279
66554 1279 1279
66563 1279 1279
66570 1279 1279
66578 1279 1279
66586 1279 1279
66594 1279 1279
66602 1279 1279
66610 1279 1279
66618 1279 1279
66626 1279 1279
66634 1279 1279
66642 1279 1279
66649 1279 1279
66657 1279 1279
66665 1279 1279
66673 1279 1279
66681 1279 1279
66689 1279 1279
66696 1279 1279
66704 1279 1279
66712 1279 1279
66720 1279 1279
66728 1279 1279
66736 1279 1279
66744 1279 1279
66751 1279 1279
66759 1279 1279
66767 1279 1279
66776 1279 1279
66784 1279 1279
66792 1279 1279
66800 1279 1279
66808 1279 1279
66817 1279 1279
66825 1279 1279
66833 1279 1279
66841 1279 1279
66849 1279 1279
66858 1279 1279
66866 1279 1279
66874 1279 1279
66882 1279 1279
66890 1279 1279
66899 1279 1279
66907 1279 1279
66915 1279 1279
66923 1279 1279
66931 1279 1279
66940 1279 1279
66948 1279 1279
66955 1279 1279
66964 1279 1279
66972 1279 1279
66980 1279 1279
66988 1279 1279
66995 1279 1279
67004 1279 1279
67012 1279 1279
67020 1279 1279
67027 1279 1279
67035 1279 1279
67043 1279 1279
67051 1279 1279
67059 1279 1279
67066 1279 1279
67074 1279 1279
67082 1279 1279
67090 1279 1279
67098 1279 1279
67106 1279 1279
67113 1279 1279
67121 1279 1279
67129 1279 1279
67137 1279 1279
67145 1279 1279
67152 1279 1279
67160 1279 1279
67168 1279 1279
67176 1279 1279
67184 1279 1279
67192 1279 1279
67200 1279 1279
67208 1279 1279
67216 1279 1279
67224 1279 1279
67231 1279 1279
67239 1279 1279
67247 1278 1279
67255 1279 1279
67263 1279 1279
67271 1279 1279
67279 1279 1279
67287 1279 1279
67295 1279 1279
67303 1279 1279
67310 1279 1279
67318 1279 1279
67327 1279 1279
67334 1279 1279
67342 1279 1279
67350 1279 1279
67358 1279 1279
67367 1279 1279
67375 1279 1279
67383 1279 1279
67391 1279 1279
67399 1279 1279
67408 1279 1279
67416 1279 1279
67424 1279 1279
67432 1279 1279
67440 1279 1279
67449 1279 1279
67457 1279 1279
67465 1279 1279
67473 1279 1279
67481 1279 1279
67490 1279 1279
67498 1279 1279
67506 1279 1279
67514 1279 1279
67522 1279 1279
67531 1279 1279
67539 1279 1279
67547 1279 1279
67555 1279 1279
67563 1279 1279
67572 1279 1279
67580 1279 1279
67588 1279 1279
67596 1279 1279
67604 1279 1279
67613 1279 1279
67621 1279 1279
67629 1279 1279
67637 1279 1279
67645 1279 1279
67654 1279 1279
67662 1279 1279
67670 1279 1279
67678 1279 1279
67686 1279 1279
67695 1279 1279
67703 1279 1279
67711 1279 1279
67719 1279 1279
67728 1279 1279
67736 1279 1279
67744 1279 1279
67752 1279 1279
67760 1279 1279
67769 1279 1279
67777 1279 1279
67785 1279 1279
67793 1279 1279
67801 1279 1279
67810 1279 1279
67818 1279 1279
67826 1279 1279
67834 1279 1279
67842 1279 1279
67851 1279 1279
67859 1279 1279
67867 1279 1279
67875 1279 1279
67883 1279 1279
67892 1279 1279
67900 1279 1279
67908 1279 1279
67916 1279 1279
67924 1279 1279
67933 1279 1279
67941 1279 1279
67949 1279 1279
67957 1279 1279
67965 1279 1279
67974 1279 1279
67982 1279 1279
67990 1279 1279
67998 1279 1279
68006 1279 1279
68014 1279 1279
68022 1279 1279
68030 1279 1279
68038 1279 1279
68045 1279 1279
68053 1279 1279
68062 1279 1279
68069 1279 1279
68077 1279 1279
68085 1279 1279
68093 1279 1279
68100 1279 1279
68108 1279 1279
68116 1279 1279
68124 1279 1279
68132 1279 1279
68140 1279 1279
68148 1279 1279
68156 1279 1279
68165 1279 1279
68173 1279 1279
68181 1279 1279
68189 1279 1279
68197 1279 1279
68206 1279 1279
68214 1279 1279
68222 1279 1279
68230 1279 1279
68238 1279 1279
68247 1279 1279
68255 1279 1279
68263 1279 1279
68271 1279 1279
68279 1279 1279
68288 1279 1279
68296 1279 1279
68304 1279 1279
68312 1279 1279
68320 1279 1279
68329 1279 1279
68337 1279 1279
68345 1279 1279
68353 1279 1279
68361 1279 1279
68370 1279 1279
68378 1279 1279
68386 1279 1279
68394 1279 1279
68402 1279 1279
68411 1279 1279
68419 1279 1279
68427 1279 1279
68435 1279 1279
68443 1279 1279
68452 1279 1279
68459 1279 1279
68467 1279 1279
68475 1279 1279
68482 1279 1279
68490 1279 1279
68498 1279 1279
68505 1279 1279
68513 1279 1279
68521 1279 1279
68529 1279 1279
68536 1279 1279
68544 1279 1279
68552 1279 1279
68559 1279 1279
68567 1279 1279
68575 1279 1279
68582 1279 1279
68590 1279 1279
68598 1279 1279
68605 1279 1279
68613 1279 1279
68620 1279 1279
68627 1279 1279
68635 1279 1279
68643 1279 1279
68650 1279 1279
68658 1279 1279
68665 1279 1279
68673 1279 1279
68680 1279 1279
68688 1279 1279
68695 1279 1279
68703 1279 1279
68710 1279 1279
68718 1279 1279
68725 1279 1279
68733 1279 1279
68740 1279 1279
68748 1279 1279
68756 1279 1279
68763 1279 1279
68771 1279 1279
68778 1279 1279
68786 1279 1279
68793 1279 1279
68801 1279 1279
68809 1279 1279
68816 1279 1279
68824 1279 1279
68831 1279 1279
68839 1279 1279
68846 1279 1279
68854 1279 1279
68862 1279 1279
68869 1279 1279
68877 1279 1279
68885 1279 1279
68893 1279 1279
68900 1279 1279
68908 1279 1279
68916 1279 1279
68923 1279 1279
68931 1279 1279
68939 1279 1279
68947 1279 1279
68955 1279 1279
68963 1279 1279
68971 1279 1279
68979 1279 1279
68987 1279 1279
68995 1279 1279
69003 1279 1279
69011 1279 1279
69020 1279 1279
69028 1279 1279
69036 1279 1279
69044 1279 1279
69052 1279 1279
69061 1279 1279
69069 1279 1279
69077 1279 1279
69085 1279 1279
69093 1279 1279
69102 1279 1279
69110 1279 1279
69118 1279 1279
69126 1279 1279
69134 1279 1279
69143 1279 1279
69151 1279 1279
69159 1279 1279
69167 1279 1279
69175 1279 1279
69184 1279 1279
69192 1279 1279
69200 1279 1279
69208 1279 1279
69217 1279 1279
69225 1279 1279
69233 1279 1279
69241 1279 1279
69249 1279 1279
69258 1279 1279
69266 1279 1279
69274 1279 1279
69282 1279 1279
69290 1279 1279
69299 1279 1279
69307 1279 1279
69315 1279 1279
69323 1279 1279
69331 1279 1279
69340 1279 1279
69348 1279 1279
69356 1279 1279
69364 1279 1279
69372 1279 1279
69380 1279 1279
69389 1279 1279
69397 1279 1279
69405 1279 1279
69413 1279 1279
69421 1279 1279
69430 1279 1279
69438 1279 1279
69446 1279 1279
69454 1279 1279
69463 1279 1279
69471 1279 1279
69479 1279 1279
69487 1279 1279
69495 1279 1279
69504 1279 1279
69512 1279 1279
69520 1279 1279
69528 1279 1279
69536 1279 1279
69545 1279 1279
69553 1279 1279
69561 1279 1279
69569 1279 1279
69577 1279 1279
69586 1279 1279
69594 1279 1279
69602 1279 1279
69610 1279 1279
69618 1279 1279
69627 1279 1279
69635 1279 1279
69643 1279 1279
69651 1279 1279
69659 1279 1279
69668 1279 1279
69676 1279 1279
69684 1279 1279
69692 1279 1279
69700 1279 1279
69709 1279 1279
69717 1279 1279
69725 1279 1279
69733 1279 1279
69741 1279 1279
69749 1279 1279
69757 1279 1279
69765 1279 1279
69773 1279 1279
69781 1279 1279
69789 1279 1279
69797 1279 1279
69805 1279 1279
69812 1279 1279
69820 1279 1279
69828 1279 1279
69836 1279 1279
69844 1278 1279
69852 1279 1279
69860 1279 1279
69868 1279 1279
69876 1279 1279
69884 1279 1279
69891 1279 1279
69899 1279 1279
69908 1279 1279
69916 1279 1279
69924 1279 1279
69932 1279 1279
69940 1279 1279
69948 1279 1279
69956 1279 1279
69964 1279 1279
69972 1279 1279
69980 1279 1279
69989 1279 1279
69997 1279 1279
70005 1279 1279
70012 1279 1279
70020 1279 1279
70029 1279 1279
70037 1279 1279
70045 1279 1279
70053 1279 1279
70061 1279 1279
70070 1279 1279
70078 1279 1279
70086 1279 1279
70094 1279 1279
70102 1279 1279
70111 1279 1279
70119 1279 1279
70127 1279 1279
70135 1279 1279
70144 1279 1279
70152 1279 1279
70160 1279 1279
70168 1279 1279
70175 1279 1279
70183 1279 1279
70192 1279 1279
70200 1279 1279
70208 1279 1279
70215 1279 1279
70223 1279 1279
70232 1279 1279
70240 1279 1279
70248 1279 1279
70256 1279 1279
70265 1279 1279
70273 1279 1279
70281 1279 1279
70289 1279 1279
70297 1279 1279
70305 1279 1279
70313 1279 1279
70321 1279 1279
70328 1279 1279
70336 1279 1279
70344 1279 1279
70351 1279 1279
70359 1279 1279
70367 1279 1279
70374 1279 1279
70382 1279 1279
70390 1279 1279
70397 1279 1279
70405 1279 1279
70413 1279 1279
70420 1279 1279
70428 1279 1279
70436 1279 1279
70444 1279 1279
70452 1279 1279
70460 1279 1279
70468 1279 1279
70475 1279 1279
70483 1279 1279
70491 1279 1279
70499 1279 1279
70507 1279 1279
70515 1279 1279
70523 1279 1279
70532 1279 1279
70540 1279 1279
70548 1279 1279
70556 1279 1279
70564 1279 1279
70573 1279 1279
70581 1279 1279
70589 1279 1279
70597 1279 1279
70605 1279 1279
70614 1279 1279
70622 1279 1279
70630 1279 1279
70638 1279 1279
70646 1279 1279
70655 1279 1279
70663 1279 1279
70671 1279 1279
70679 1279 1279
70687 1279 1279
70696 1279 1279
70704 1279 1279
70712 1279 1279
70720 1279 1279
70728 1279 1279
70737 1279 1279
70744 1279 1279
70752 1279 1279
70760 1279 1279
70768 1279 1279
70776 1279 1279
70784 1279 1279
70792 1279 1279
70799 1279 1279
70807 1279 1279
70815 1279 1279
70822 1279 1279
70830 1279 1279
70838 1279 1279
70845 1279 1279
70853 1279 1279
70861 1279 1279
70868 1279 1279
70876 1279 1279
70884 1279 1279
70891 1279 1279
70899 1279 1279
70907 1279 1279
70915 1279 1279
70922 1279 1279
70930 1279 1279
70938 1279 1279
70946 1279 1279
70954 1279 1279
70961 1279 1279
70969 1279 1279
70977 1279 1279
70984 1279 1279
70992 1279 1279
71000 1279 1279
71008 1279 1279
71016 1279 1279
71023 1279 1279
71031 1279 1279
71039 1279 1279
71047 1279 1279
71055 1279 1279
71062 1279 1279
71070 1279 1279
71078 1279 1279
71085 1279 1279
71093 1279 1279
71101 1279 1279
71109 1279 1279
71116 1279 1279
71124 1279 1279
71131 1279 1279
71139 1279 1279
71147 1279 1279
71155 1279 1279
71163 1279 1279
71171 1278 1279
71179 1279 1279
71186 1279 1279
71194 1279 1279
71202 1279 1279
71210 1279 1279
71218 1279 1279
71225 1279 1279
71234 1279 1279
71241 1279 1279
71249 1279 1279
71257 1279 1279
71265 1279 1279
71273 1279 1279
71281 1279 1279
71288 1279 1279
71296 1279 1279
71304 1279 1279
71312 1279 1279
71320 1279 1279
71328 1279 1279
71335 1279 1279
71343 1279 1279
71351 1279 1279
71359 1279 1279
71367 1279 1279
71375 1279 1279
71383 1279 1279
71391 1279 1279
71398 1278 1279
71406 1279 1279
71414 1279 1279
71421 1279 1279
71429 1279 1279
71437 1279 1279
71444 1279 1279
71452 1279 1279
71460 1279 1279
71467 1279 1279
71475 1279 1279
71483 1279 1279
71490 1279 1279
71498 1279 1279
71506 1279 1279
71514 1279 1279
71521 1279 1279
71529 1279 1279
71537 1279 1279
71544 1279 1279
71552 1279 1279
71560 1279 1279
71567 1279 1279
71575 1279 1279
71583 1279 1279
71591 1279 1279
71598 1279 1279
71606 1279 1279
71614 1279 1279
71622 1279 1279
71629 1279 1279
71637 1279 1279
71645 1279 1279
71652 1279 1279
71660 1279 1279
71668 1279 1279
71676 1279 1279
71684 1279 1279
71691 1279 1279
71700 1279 1279
71707 1279 1279
71715 1279 1279
71722 1279 1279
71730 1279 1279
71738 1279 1279
71746 1279 1279
71753 1279 1279
71761 1279 1279
71768 1279 1279
71776 1279 1279
71784 1279 1279
71792 1279 1279
71799 1279 1279
71807 1279 1279
71815 1279 1279
71822 1279 1279
71830 1279 1279
71838 1279 1279
71845 1279 1279
71853 1279 1279
71861 1279 1279
71869 1279 1279
71876 1279 1279
71884 1279 1279
71891 1279 1279
71899 1279 1279
71907 1279 1279
71915 1279 1279
71922 1279 1279
71930 1279 1279
71938 1279 1279
71945 1279 1279
71953 1279 1279
71961 1279 1279
71968 1279 1279
71976 1279 1279
71983 1279 1279
71991 1279 1279
71999 1279 1279
72006 1279 1279
72014 1279 1279
72021 1279 1279
72029 1279 1279
72036 1279 1279
72044 1279 1279
72051 1279 1279
72059 1279 1279
72067 1279 1279
72074 1279 1279
72082 1279 1279
72090 1279 1279
72097 1279 1279
72105 1279 1279
72113 1279 1279
72121 1279 1279
72128 1279 1279
72136 1279 1279
72143 1279 1279
72151 1279 1279
72159 1279 1279
72167 1279 1279
72174 1279 1279
72182 1279 1279
72190 1279 1279
72197 1279 1279
72205 1279 1279
72213 1279 1279
72220 1279 1279
72228 1279 1279
72236 1279 1279
72244 1279 1279
72251 1279 1279
72259 1279 1279
72267 1279 1279
72274 1279 1279
72282 1279 1279
72290 1279 1279
72298 1279 1279
72306 1279 1279
72313 1279 1279
72321 1279 1279
72329 1279 1279
72337 1278 1279
72345 1279 1279
72352 1279 1279
72360 1279 1279
72368 1279 1279
72376 1279 1279
72383 1279 1279
72391 1279 1279
72399 1279 1279
72406 1279 1279
72414 1279 1279
72422 1279 1279
72430 1279 1279
72437 1279 1279
72445 1279 1279
72452 1279 1279
72460 1279 1279
72468 1279 1279
72476 1279 1279
72483 1279 1279
72491 1279 1279
72499 1279 1279
72507 1279 1279
72514 1279 1279
72522 1279 1279
72529 1279 1279
72537 1279 1279
72545 1279 1279
72553 1279 1279
72560 1279 1279
72568 1279 1279
72576 1279 1279
72584 1279 1279
72592 1279 1279
72599 1279 1279
72607 1279 1279
72615 1279 1279
72623 1279 1279
72631 1279 1279
72639 1279 1279
72646 1279 1279
72654 1279 1279
72662 1279 1279
72670 1279 1279
72678 1279 1279
72686 1279 1279
72694 1279 1279
72702 1279 1279
72711 1279 1279
72719 1279 1279
72727 1279 1279
72735 1279 1279
72744 1279 1279
72752 1279 1279
72760 1279 1279
72768 1279 1279
72776 1279 1279
72785 1279 1279
72793 1279 1279
72801 1279 1279
72809 1279 1279
72817 1279 1279
72826 1279 1279
72834 1279 1279
72842 1279 1279
72850 1279 1279
72858 1279 1279
72866 1279 1279
72874 1279 1279
72882 1279 1279
72889 1279 1279
72897 1279 1279
72905 1279 1279
72913 1279 1279
72921 1279 1279
72929 1279 1279
72936 1279 1279
72945 1279 1279
72952 1279 1279
72961 1279 1279
72968 1279 1279
72976 1279 1279
72984 1279 1279
72992 1279 1279
73001 1279 1279
73009 1279 1279
73017 1279 1279
73025 1279 1279
73033 1279 1279
73042 1279 1279
73050 1279 1279
73058 1279 1279
73066 1279 1279
73074 1279 1279
73083 1279 1279
73091 1279 1279
73099 1279 1279
73107 1279 1279
73115 1279 1279
73124 1279 1279
73132 1279 1279
73140 1279 1279
73148 1279 1279
73156 1279 1279
73164 1279 1279
73173 1279 1279
73181 1279 1279
73189 1279 1279
73197 1279 1279
73206 1279 1279
73214 1279 1279
73221 1279 1279
73229 1279 1279
73237 1279 1279
73244 1279 1279
73252 1279 1279
73260 1279 1279
73268 1279 1279
73276 1279 1279
73284 1279 1279
73292 1279 1279
73300 1279 1279
73308 1279 1279
73315 1279 1279
73323 1279 1279
73332 1279 1279
73340 1279 1279
73348 1279 1279
73356 1279 1279
73364 1279 1279
73373 1279 1279
73381 1279 1279
73389 1279 1279
73397 1279 1279
73405 1279 1279
73414 1279 1279
73422 1279 1279
73430 1279 1279
73438 1279 1279
73446 1279 1279
73455 1279 1279
73463 1279 1279
73471 1279 1279
73479 1279 1279
73487 1279 1279
73496 1279 1279
73504 1279 1279
73512 1279 1279
73520 1279 1279
73528 1279 1279
73537 1279 1279
73545 1279 1279
73553 1279 1279
73561 1279 1279
73569 1279 1279
73578 1279 1279
73586 1279 1279
73594 1279 1279
73602 1279 1279
73610 1279 1279
73618 1279 1279
73626 1279 1279
73634 1279 1279
73641 1279 1279
73649 1279 1279
73657 1279 1279
73665 1279 1279
73672 1279 1279
73680 1279 1279
73687 1279 1279
73695 1279 1279
73703 1279 1279
73711 1279 1279
73718 1279 1279
73726 1279 1279
73734 1279 1279
73741 1279 1279
73749 1279 1279
73757 1279 1279
73764 1279 1279
73772 1279 1279
73780 1279 1279
73787 1279 1279
73795 1279 1279
73803 1279 1279
73810 1279 1279
73818 1279 1279
73826 1279 1279
73833 1279 1279
73841 1279 1279
73849 1279 1279
73857 1279 1279
73864 1279 1279
73872 1279 1279
73880 1279 1279
73888 1279 1279
73896 1279 1279
73904 1279 1279
73911 1279 1279
73919 1279 1279
73927 1279 1279
73935 1279 1279
73943 1279 1279
73951 1279 1279
73958 1279 1279
73966 1279 1279
73974 1279 1279
73982 1279 1279
73990 1279 1279
73998 1279 1279
74006 1279 1279
74014 1279 1279
74022 1279 1279
74029 1279 1279
74037 1279 1279
74045 1279 1279
74053 1279 1279
74061 1279 1279
74069 1279 1279
74076 1279 1279
74084 1279 1279
74093 1279 1279
74100 1279 1279
74108 1279 1279
74116 1279 1279
74124 1279 1279
74132 1279 1279
74139 1279 1279
74147 1279 1279
74155 1279 1279
74163 1279 1279
74170 1279 1279
74178 1279 1279
74186 1279 1279
74193 1279 1279
74201 1279 1279
74209 1279 1279
74217 1279 1279
74224 1279 1279
74232 1279 1279
74239 1279 1279
74247 1279 1279
74255 1279 1279
74263 1279 1279
74270 1279 1279
74278 1279 1279
74286 1279 1279
74294 1279 1279
74301 1279 1279
74309 1279 1279
74316 1279 1279
74324 1279 1279
74332 1279 1279
74340 1279 1279
74347 1279 1279
74355 1279 1279
74362 1279 1279
74370 1279 1279
74378 1279 1279
74386 1279 1279
74393 1279 1279
74401 1279 1279
74409 1279 1279
74417 1279 1279
74424 1279 1279
74432 1279 1279
74440 1279 1279
74447 1279 1279
74455 1279 1279
74463 1279 1279
74470 1279 1279
74478 1279 1279
74486 1279 1279
74494 1279 1279
74501 1279 1279
74509 1279 1279
74516 1279 1279
74524 1279 1279
74532 1279 1279
74540 1279 1279
74548 1279 1279
74555 1279 1279
74563 1279 1279
74571 1279 1279
74579 1279 1279
74586 1279 1279
74594 1279 1279
74602 1279 1279
74609 1279 1279
74617 1279 1279
74625 1279 1279
74633 1279 1279
74641 1279 1279
74649 1279 1279
74657 1279 1279
74664 1279 1279
74672 1279 1279
74679 1277 1279
74687 1279 1279
74695 1279 1279
74703 1279 1279
74710 1279 1279
74718 1279 1279
74726 1279 1279
74733 1279 1279
74741 1279 1279
74749 1279 1279
74756 1279 1279
74764 1279 1279
74772 1279 1279
74780 1279 1279
74788 1279 1279
74795 1279 1279
74803 1279 1279
74811 1279 1279
74819 1279 1279
74826 1279 1279
74834 1279 1279
74841 1279 1279
74849 1279 1279
74858 1279 1279
74865 1279 1279
74873 1279 1279
74881 1279 1279
74889 1279 1279
74898 1279 1279
74906 1279 1279
74914 1279 1279
74922 1279 1279
74930 1279 1279
74939 1279 1279
74947 1279 1279
74954 1279 1279
74962 1279 1279
74970 1279 1279
74979 1279 1279
74986 1279 1279
74994 1279 1279
75002 1279 1279
75010 1279 1279
75019 1279 1279
75027 1279 1279
75035 1279 1279
75043 1279 1279
75051 1279 1279
75060 1279 1279
75068 1279 1279
75076 1279 1279
75084 1279 1279
75093 1279 1279
75101 1279 1279
75109 1279 1279
75117 1279 1279
75125 1279 1279
75134 1279 1279
75142 1279 1279
75150 1279 1279
75158 1279 1279
75166 1279 1279
75175 1279 1279
75183 1279 1279
75191 1279 1279
75199 1279 1279
75207 1279 1279
75216 1279 1279
75224 1279 1279
75232 1279 1279
75240 1279 1279
75248 1279 1279
75257 1279 1279
75265 1279 1279
75273 1279 1279
75281 1279 1279
75290 1279 1279
75298 1279 1279
75306 1279 1279
75314 1279 1279
75322 1279 1279
75331 1279 1279
75339 1279 1279
75347 1279 1279
75355 1279 1279
75363 1279 1279
75372 1279 1279
75380 1279 1279
75388 1279 1279
75396 1279 1279
75404 1279 1279
75413 1279 1279
75421 1279 1279
75429 1279 1279
75437 1279 1279
75445 1279 1279
75454 1279 1279
75462 1279 1279
75470 1279 1279
75478 1279 1279
75486 1279 1279
75495 1279 1279
75503 1279 1279
75511 1279 1279
75519 1279 1279
75527 1279 1279
75535 1279 1279
75542 1279 1279
75550 1279 1279
75558 1279 1279
75566 1279 1279
75574 1279 1279
75581 1279 1279
75589 1279 1279
75597 1279 1279
75606 1279 1279
75614 1279 1279
75622 1279 1279
75630 1279 1279
75638 1279 1279
75647 1279 1279
75655 1279 1279
75663 1279 1279
75671 1279 1279
75679 1279 1279
75688 1279 1279
75696 1279 1279
75704 1279 1279
75712 1279 1279
75720 1279 1279
75729 1279 1279
75737 1279 1279
75745 1279 1279
75753 1279 1279
75761 1279 1279
75770 1279 1279
75778 1279 1279
75786 1279 1279
75794 1279 1279
75802 1279 1279
75811 1279 1279
75819 1279 1279
75827 1279 1279
75835 1279 1279
75843 1279 1279
75852 1279 1279
75860 1279 1279
75868 1279 1279
75876 1279 1279
75884 1279 1279
75893 1279 1279
75901 1279 1279
75909 1279 1279
75917 1279 1279
75926 1279 1279
75934 1279 1279
75942 1279 1279
75950 1279 1279
75958 1279 1279
75967 1279 1279
75975 1279 1279
75983 1279 1279
75991 1279 1279
75999 1279 1279
76008 1279 1279
76016 1279 1279
76024 1279 1279
76032 1279 1279
76040 1279 1279
76048 1279 1279
76056 1279 1279
76063 1279 1279
76071 1279 1279
76079 1279 1279
76086 1279 1279
76095 1279 1279
76102 1279 1279
76110 1279 1279
76118 1279 1279
76125 1279 1279
76133 1279 1279
76141 1279 1279
76149 1279 1279
76157 1279 1279
76164 1279 1279
76172 1279 1279
76180 1279 1279
76188 1279 1279
76195 1279 1279
76203 1279 1279
76211 1279 1279
76219 1279 1279
76226 1279 1279
76234 1279 1279
76242 1279 1279
76250 1279 1279
76258 1279 1279
76265 1279 1279
76273 1279 1279
76281 1279 1279
76289 1279 1279
76296 1279 1279
76304 1279 1279
76312 1279 1279
76320 1279 1279
76328 1279 1279
76335 1279 1279
76343 1279 1279
76351 1279 1279
76358 1279 1279
76366 1279 1279
76374 1279 1279
76382 1279 1279
76389 1279 1279
76397 1279 1279
76405 1279 1279
76413 1279 1279
76420 1276 1279
76428 1279 1279
76436 1279 1279
76443 1279 1279
76451 1279 1279
76459 1279 1279
76466 1279 1279
76474 1279 1279
76482 1279 1279
76490 1279 1279
76497 1279 1279
76505 1279 1279
76513 1279 1279
76520 1279 1279
76528 1279 1279
76536 1279 1279
76543 1279 1279
76551 1279 1279
76559 1279 1279
76567 1279 1279
76574 1279 1279
76582 1279 1279
76590 1279 1279
76597 1279 1279
76605 1279 1279
76613 1279 1279
76620 1279 1279
76628 1279 1279
76636 1279 1279
76643 1279 1279
76651 1279 1279
76659 1279 1279
76666 1279 1279
76674 1279 1279
76682 1279 1279
76690 1279 1279
76697 1279 1279
76705 1279 1279
76713 1279 1279
76720 1279 1279
76728 1279 1279
76736 1279 1279
76743 1279 1279
76751 1279 1279
76759 1279 1279
76766 1279 1279
76774 1279 1279
76782 1279 1279
76790 1279 1279
76797 1279 1279
76805 1279 1279
76812 1279 1279
76820 1279 1279
76828 1279 1279
76836 1279 1279
76843 1279 1279
76851 1279 1279
76859 1279 1279
76866 1279 1279
76874 1279 1279
76882 1278 1279
76889 1279 1279
76897 1279 1279
76905 1278 1279
76913 1279 1279
76920 1279 1279
76928 1279 1279
76936 1279 1279
76943 1279 1279
76951 1279 1279
76959 1279 1279
76967 1279 1279
76975 1279 1279
76983 1279 1279
76992 1279 1279
77000 1279 1279
77008 1279 1279
77016 1279 1279
77024 1279 1279
77033 1279 1279
77041 1279 1279
77049 1279 1279
77057 1279 1279
77065 1279 1279
77074 1279 1279
77082 1279 1279
77090 1279 1279
77098 1279 1279
77106 1279 1279
77115 1279 1279
77123 1279 1279
77131 1279 1279
77139 1279 1279
77147 1279 1279
77156 1279 1279
77164 1279 1279
77172 1279 1279
77180 1279 1279
77188 1279 1279
77197 1279 1279
77205 1279 1279
77213 1279 1279
77221 1279 1279
77229 1279 1279
77238 1279 1279
77246 1279 1279
77254 1279 1279
77262 1279 1279
77270 1279 1279
77279 1278 1279
77287 1279 1279
77295 1279 1279
77303 1279 1279
77311 1279 1279
77320 1279 1279
77328 1279 1279
77336 1279 1279
77344 1279 1279
77352 1279 1279
77361 1279 1279
77369 1279 1279
77377 1279 1279
77385 1279 1279
77394 1279 1279
77402 1279 1279
77410 1279 1279
77418 1279 1279
77426 1279 1279
77435 1279 1279
77443 1279 1279
77451 1279 1279
77459 1279 1279
77467 1279 1279
77476 1279 1279
77484 1279 1279
77492 1279 1279
77500 1279 1279
77508 1279 1279
77517 1279 1279
77525 1279 1279
77533 1279 1279
77541 1279 1279
77549 1279 1279
77558 1279 1279
77566 1279 1279
77574 1279 1279
77582 1279 1279
77590 1279 1279
77599 1279 1279
77607 1279 1279
77615 1279 1279
77623 1279 1279
77631 1279 1279
77640 1279 1279
77648 1279 1279
77656 1279 1279
77664 1279 1279
77672 1279 1279
77681 1279 1279
77689 1279 1279
77697 1279 1279
77705 1279 1279
77713 1279 1279
77722 1279 1279
77730 1279 1279
77738 1279 1279
77746 1279 1279
77754 1279 1279
77763 1279 1279
77771 1279 1279
77779 1279 1279
77787 1279 1279
77795 1279 1279
77804 1279 1279
77812 1279 1279
77820 1279 1279
77828 1279 1279
77836 1279 1279
77845 1279 1279
77853 1279 1279
77861 1278 1279
77869 1279 1279
77877 1279 1279
77886 1279 1279
77894 1279 1279
77902 1279 1279
77910 1279 1279
77918 1279 1279
77927 1279 1279
77935 1279 1279
77943 1279 1279
77951 1279 1279
77959 1279 1279
77968 1279 1279
77976 1279 1279
77984 1279 1279
77992 1279 1279
78000 1279 1279
78009 1279 1279
78017 1279 1279
78025 1279 1279
78033 1279 1279
78041 1279 1279
78050 1279 1279
78058 1279 1279
78066 1279 1279
78074 1279 1279
78082 1279 1279
78091 1279 1279
78099 1279 1279
78107 1279 1279
78115 1279 1279
78124 1279 1279
78132 1279 1279
78140 1279 1279
78148 1279 1279
78156 1279 1279
78164 1279 1279
78172 1279 1279
78179 1279 1279
78187 1279 1279
78195 1279 1279
78203 1279 1279
78211 1279 1279
78219 1279 1279
78227 1279 1279
78234 1279 1279
78242 1279 1279
78250 1279 1279
78258 1279 1279
78266 1279 1279
78273 1279 1279
78281 1279 1279
78289 1279 1279
78296 1279 1279
78304 1279 1279
78312 1279 1279
78320 1279 1279
78327 1279 1279
78335 1279 1279
78343 1279 1279
78350 1279 1279
78358 1279 1279
78366 1279 1279
78373 1279 1279
78381 1279 1279
78389 1279 1279
78397 1279 1279
78405 1279 1279
78412 1279 1279
78420 1279 1279
78428 1279 1279
78436 1279 1279
78444 1279 1279
78452 1279 1279
78460 1279 1279
78467 1279 1279
78475 1279 1279
78483 1279 1279
78491 1279 1279
78499 1279 1279
78507 1279 1279
78514 1279 1279
78522 1279 1279
78530 1279 1279
78538 1279 1279
78546 1279 1279
78554 1279 1279
78561 1279 1279
78569 1279 1279
78577 1279 1279
78585 1279 1279
78593 1279 1279
78601 1279 1279
78609 1279 1279
78616 1279 1279
78624 1279 1279
78632 1279 1279
78639 1279 1279
78647 1279 1279
78655 1279 1279
78663 1279 1279
78670 1279 1279
78678 1279 1279
78686 1279 1279
78693 1279 1279
78701 1279 1279
78709 1279 1279
78716 1279 1279
78724 1279 1279
78732 1279 1279
78739 1279 1279
78747 1279 1279
78755 1279 1279
78762 1279 1279
78770 1279 1279
78778 1279 1279
78786 1279 1279
78793 1279 1279
78801 1279 1279
78809 1279 1279
78816 1279 1279
78824 1279 1279
78832 1279 1279
78839 1279 1279
78847 1279 1279
78855 1279 1279
78862 1279 1279
78870 1279 1279
78878 1279 1279
78886 1279 1279
78893 1279 1279
78901 1279 1279
78909 1279 1279
78916 1279 1279
78924 1279 1279
78932 1279 1279
78939 1279 1279
78947 1279 1279
78955 1279 1279
78963 1279 1279
78971 1279 1279
78978 1279 1279
78986 1279 1279
78994 1279 1279
79001 1279 1279
79009 1279 1279
79017 1279 1279
79025 1279 1279
79033 1279 1279
79041 1279 1279
79049 1279 1279
79057 1279 1279
79065 1279 1279
79073 1279 1279
79082 1279 1279
79090 1279 1279
79098 1279 1279
79105 1279 1279
79113 1279 1279
79122 1279 1279
79130 1279 1279
79138 1279 1279
79146 1279 1279
79154 1279 1279
79163 1279 1279
79171 1279 1279
79179 1279 1279
79187 1279 1279
79195 1279 1279
79204 1279 1279
79212 1279 1279
79219 1279 1279
79227 1279 1279
79235 1279 1279
79243 1279 1279
79251 1279 1279
79259 1279 1279
79267 1279 1279
79275 1279 1279
79283 1279 1279
79291 1279 1279
79299 1279 1279
79307 1279 1279
79315 1279 1279
79323 1279 1279
79331 1279 1279
79339 1279 1279
79347 1279 1279
79355 1279 1279
79364 1279 1279
79372 1279 1279
79380 1279 1279
79388 1279 1279
79396 1279 1279
79405 1279 1279
79413 1279 1279
79421 1279 1279
79429 1279 1279
79437 1279 1279
79446 1279 1279
79454 1279 1279
79462 1279 1279
79470 1279 1279
79478 1279 1279
79487 1279 1279
79495 1279 1279
79503 1279 1279
79511 1279 1279
79518 1279 1279
79527 1279 1279
79534 1279 1279
79542 1279 1279
79550 1279 1279
79558 1279 1279
79567 1279 1279
79575 1279 1279
79583 1279 1279
79591 1279 1279
79599 1279 1279
79607 1279 1279
79615 1279 1279
79622 1279 1279
79630 1279 1279
79638 1279 1279
79646 1279 1279
79653 1279 1279
79661 1279 1279
79669 1279 1279
79676 1279 1279
79684 1279 1279
79692 1279 1279
79699 1279 1279
79707 1279 1279
79715 1279 1279
79723 1279 1279
79730 1279 1279
79738 1279 1279
79746 1279 1279
79753 1279 1279
79761 1279 1279
79769 1279 1279
79776 1279 1279
79784 1279 1279
79792 1279 1279
79799 1279 1279
79807 1279 1279
79815 1279 1279
79823 1279 1279
79830 1279 1279
79838 1279 1279
79846 1279 1279
79853 1279 1279
79861 1279 1279
79869 1279 1279
79876 1279 1279
79884 1279 1279
79892 1279 1279
79899 1279 1279
79907 1279 1279
79915 1279 1279
79923 1279 1279
79931 1279 1279
79939 1279 1279
79946 1279 1279
79954 1279 1279
79962 1279 1279
79970 1279 1279
79978 1279 1279
79985 1279 1279
79993 1279 1279
80001 1279 1279
80009 1279 1279
80017 1279 1279
80025 1279 1279
80033 1279 1279
80041 1279 1279
80048 1279 1279
80057 1279 1279
80065 1279 1279
80073 1279 1279
80080 1279 1279
80088 1279 1279
80097 1279 1279
80105 1279 1279
80112 1279 1279
80120 1279 1279
80128 1279 1279
80137 1279 1279
80144 1279 1279
80152 1279 1279
80160 1279 1279
80168 1279 1279
80176 1279 1279
80184 1279 1279
80191 1279 1279
80199 1279 1279
80207 1279 1279
80215 1279 1279
80223 1279 1279
80231 1279 1279
80238 1279 1279
80246 1279 1279
80254 1279 1279
80262 1279 1279
80270 1279 1279
80278 1279 1279
80286 1279 1279
80293 1279 1279
80301 1279 1279
80309 1279 1279
80317 1279 1279
80325 1279 1279
80332 1279 1279
80340 1279 1279
80348 1279 1279
80355 1279 1279
80363 1279 1279
80371 1279 1279
80379 1279 1279
80386 1279 1279
80394 1279 1279
80402 1279 1279
80409 1279 1279
80417 1279 1279
80425 1279 1279
80432 1279 1279
80440 1279 1279
80448 1279 1279
80455 1279 1279
80463 1279 1279
80471 1279 1279
80478 1279 1279
80486 1279 1279
80494 1279 1279
80502 1279 1279
80509 1279 1279
80517 1279 1279
80525 1279 1279
80533 1279 1279
80541 1279 1279
80548 1279 1279
80556 1279 1279
80564 1279 1279
80571 1279 1279
80579 1279 1279
80587 1279 1279
80594 1279 1279
80602 1279 1279
80610 1279 1279
80617 1279 1279
80625 1279 1279
80633 1279 1279
80641 1279 1279
80649 1279 1279
80657 1279 1279
80665 1279 1279
80673 1279 1279
80682 1279 1279
80689 1279 1279
80697 1279 1279
80705 1279 1279
80713 1279 1279
80722 1279 1279
80730 1279 1279
80738 1279 1279
80746 1279 1279
80754 1279 1279
80763 1279 1279
80771 1279 1279
80779 1279 1279
80787 1279 1279
80795 1279 1279
80804 1279 1279
80812 1279 1279
80820 1279 1279
80828 1279 1279
80836 1279 1279
80845 1279 1279
80853 1279 1279
80861 1279 1279
80869 1279 1279
80877 1279 1279
80884 1279 1279
80892 1279 1279
80900 1279 1279
80908 1279 1279
80916 1279 1279
80924 1279 1279
80932 1279 1279
80940 1279 1279
80947 1279 1279
80955 1279 1279
80963 1279 1279
80970 1279 1279
80978 1279 1279
80986 1279 1279
80993 1279 1279
81001 1279 1279
81009 1279 1279
81017 1279 1279
81024 1279 1279
81032 1279 1279
81040 1279 1279
81047 1279 1279
81055 1279 1279
81063 1279 1279
81070 1279 1279
81078 1279 1279
81086 1279 1279
81093 1279 1279
81101 1279 1279
81109 1279 1279
81117 1279 1279
81124 1279 1279
81132 1279 1279
81140 1279 1279
81147 1279 1279
81155 1279 1279
81163 1279 1279
81170 1279 1279
81178 1279 1279
81186 1279 1279
81193 1279 1279
81201 1279 1279
81209 1279 1279
81216 1279 1279
81224 1279 1279
81232 1279 1279
81240 1279 1279
81247 1279 1279
81255 1279 1279
81263 1279 1279
81270 1279 1279
81278 1279 1279
81286 1279 1279
81293 1279 1279
81301 1279 1279
81309 1279 1279
81316 1279 1279
81324 1279 1279
81332 1279 1279
81339 1279 1279
81348 1279 1279
81356 1279 1279
81364 1279 1279
81372 1279 1279
81380 1279 1279
81389 1279 1279
81397 1279 1279
81405 1279 1279
81413 1279 1279
81421 1279 1279
81430 1279 1279
81438 1279 1279
81446 1279 1279
81454 1279 1279
81462 1279 1279
81471 1279 1279
81479 1279 1279
81487 1279 1279
81495 1279 1279
81503 1279 1279
81512 1279 1279
81520 1279 1279
81528 1279 1279
81536 1279 1279
81544 1279 1279
81553 1279 1279
81561 1279 1279
81569 1279 1279
81577 1279 1279
81585 1279 1279
81594 1279 1279
81602 1279 1279
81610 1279 1279
81618 1279 1279
81627 1279 1279
81635 1279 1279
81643 1279 1279
81651 1279 1279
81659 1279 1279
81668 1279 1279
81676 1279 1279
81684 1279 1279
81692 1279 1279
81700 1279 1279
81709 1279 1279
81717 1279 1279
81725 1279 1279
81733 1279 1279
81741 1279 1279
81750 1279 1279
81758 1279 1279
81766 1279 1279
81774 1279 1279
81782 1279 1279
81791 1279 1279
81799 1279 1279
81807 1279 1279
81815 1279 1279
81823 1279 1279
81832 1279 1279
81840 1279 1279
81848 1279 1279
81856 1279 1279
81864 1279 1279
81873 1279 1279
81881 1279 1279
81889 1279 1279
81897 1279 1279
81905 1279 1279
81914 1279 1279
81922 1279 1279
81930 1279 1279
81938 1279 1279
81946 1279 1279
81955 1279 1279
81963 1279 1279
81971 1279 1279
81979 1279 1279
81987 1279 1279
81996 1279 1279
82004 1279 1279
82012 1279 1279
82020 1279 1279
82029 1279 1279
82037 1279 1279
82045 1279 1279
82053 1279 1279
82061 1279 1279
82069 1279 1279
82078 1279 1279
82086 1279 1279
82094 1279 1279
82102 1279 1279
82110 1279 1279
82119 1279 1279
82127 1279 1279
82135 1279 1279
82143 1279 1279
82151 1279 1279
82160 1279 1279
82168 1279 1279
82176 1279 1279
82184 1279 1279
82192 1279 1279
82201 1279 1279
82209 1279 1279
82217 1279 1279
82225 1279 1279
82233 1279 1279
82242 1279 1279
82250 1279 1279
82258 1279 1279
82266 1279 1279
82274 1279 1279
82283 1279 1279
82291 1279 1279
82299 1279 1279
82307 1279 1279
82315 1279 1279
82323 1279 1279
82331 1279 1279
82339 1279 1279
82347 1279 1279
82355 1279 1279
82362 1279 1279
82370 1279 1279
82378 1279 1279
82386 1279 1279
82394 1279 1279
82402 1279 1279
82409 1279 1279
82417 1279 1279
82425 1279 1279
82433 1279 1279
82440 1279 1279
82448 1279 1279
82456 1279 1279
82464 1279 1279
82472 1279 1279
82480 1279 1279
82488 1279 1279
82496 1279 1279
82503 1279 1279
82511 1279 1279
82519 1279 1279
82527 1279 1279
82535 1279 1279
82543 1279 1279
82551 1279 1279
82559 1279 1279
82566 1279 1279
82574 1279 1279
82582 1279 1279
82590 1279 1279
82598 1279 1279
82606 1279 1279
82614 1279 1279
82622 1279 1279
82631 1279 1279
82639 1279 1279
82647 1279 1279
82655 1279 1279
82663 1279 1279
82672 1279 1279
82680 1279 1279
82688 1279 1279
82696 1279 1279
82704 1279 1279
82713 1279 1279
82721 1279 1279
82728 1279 1279
82736 1279 1279
82744 1279 1279
82752 1279 1279
82759 1279 1279
82767 1279 1279
82774 1279 1279
82782 1279 1279
82790 1279 1279
82798 1279 1279
82805 1279 1279
82813 1279 1279
82821 1279 1279
82828 1279 1279
82836 1279 1279
82844 1279 1279
82851 1279 1279
82859 1279 1279
82867 1279 1279
82875 1279 1279
82882 1279 1279
82890 1279 1279
82898 1279 1279
82905 1279 1279
82913 1279 1279
82921 1279 1279
82928 1279 1279
82936 1279 1279
82944 1279 1279
82952 1279 1279
82959 1279 1279
82967 1279 1279
82974 1279 1279
82982 1279 1279
82990 1279 1279
82998 1279 1279
83005 1279 1279
83013 1279 1279
83021 1279 1279
83028 1279 1279
83036 1279 1279
83044 1279 1279
83051 1279 1279
83059 1279 1279
83067 1279 1279
83075 1279 1279
83082 1279 1279
83090 1279 1279
83097 1279 1279
83105 1279 1279
83113 1279 1279
83121 1279 1279
83128 1279 1279
83136 1279 1279
83144 1279 1279
83151 1279 1279
83159 1279 1279
83167 1279 1279
83175 1279 1279
83182 1279 1279
83190 1279 1279
83198 1279 1279
83205 1279 1279
83213 1279 1279
83221 1279 1279
83228 1279 1279
83236 1279 1279
83244 1279 1279
83251 1279 1279
83259 1279 1279
83267 1279 1279
83275 1279 1279
83282 1279 1279
83290 1279 1279
83297 1279 1279
83305 1279 1279
83313 1279 1279
83321 1279 1279
83328 1279 1279
83336 1279 1279
83343 1279 1279
83351 1279 1279
83359 1279 1279
83367 1279 1279
83374 1279 1279
83382 1279 1279
83390 1279 1279
83398 1279 1279
83406 1279 1279
83413 1279 1279
83421 1279 1279
83429 1279 1279
83437 1279 1279
83445 1279 1279
83453 1279 1279
83460 1279 1279
83468 1279 1279
83476 1279 1279
83484 1279 1279
83492 1279 1279
83500 1279 1279
83507 1279 1279
83515 1279 1279
83523 1279 1279
83531 1279 1279
83539 1279 1279
83546 1279 1279
83555 1279 1279
83563 1279 1279
83570 1279 1279
83578 1279 1279
83586 1279 1279
83594 1279 1279
83602 1279 1279
83609 1279 1279
83617 1279 1279
83625 1279 1279
83633 1279 1279
83641 1279 1279
83649 1279 1279
83656 1279 1279
83664 1279 1279
83672 1279 1279
83680 1279 1279
83688 1279 1279
83696 1279 1279
83703 1279 1279
83711 1279 1279
83719 1279 1279
83727 1279 1279
83735 1279 1279
83743 1279 1279
83750 1279 1279
83759 1279 1279
83766 1279 1279
83774 1279 1279
83782 1279 1279
83789 1279 1279
83797 1279 1279
83805 1279 1279
83812 1279 1279
83820 1279 1279
83828 1279 1279
83836 1279 1279
83843 1279 1279
83851 1279 1279
83859 1279 1279
83866 1279 1279
83874 1279 1279
83882 1279 1279
83890 1279 1279
83898 1279 1279
83905 1279 1279
83913 1279 1279
83921 1279 1279
83929 1279 1279
83936 1279 1279
83944 1279 1279
83952 1279 1279
83960 1279 1279
83968 1279 1279
83975 1279 1279
83983 1279 1279
83990 1279 1279
83998 1279 1279
84006 1279 1279
84014 1279 1279
84021 1279 1279
84029 1279 1279
84037 1279 1279
84044 1279 1279
84052 1279 1279
84060 1279 1279
84067 1279 1279
84075 1279 1279
84083 1279 1279
84090 1279 1279
84098 1279 1279
84106 1279 1279
84113 1279 1279
84121 1279 1279
84129 1279 1279
84136 1279 1279
84144 1279 1279
84152 1279 1279
84160 1279 1279
84167 1279 1279
84175 1279 1279
84183 1279 1279
84190 1279 1279
84198 1279 1279
84206 1279 1279
84213 1279 1279
84221 1279 1279
84229 1279 1279
84236 1279 1279
84244 1279 1279
84252 1279 1279
84259 1279 1279
84267 1279 1279
84275 1279 1279
84283 1279 1279
84290 1279 1279
84298 1279 1279
84306 1279 1279
84313 1279 1279
84321 1279 1279
84329 1279 1279
84336 1279 1279
84344 1279 1279
84352 1279 1279
84360 1279 1279
84367 1279 1279
84375 1279 1279
84383 1279 1279
84391 1279 1279
84398 1279 1279
84406 1279 1279
84414 1279 1279
84421 1279 1279
84429 1279 1279
84437 1279 1279
84444 1279 1279
84452 1279 1279
84460 1279 1279
84467 1279 1279
84475 1279 1279
84483 1279 1279
84491 1279 1279
84498 1279 1279
84506 1279 1279
84514 1279 1279
84521 1279 1279
84529 1279 1279
84537 1279 1279
84544 1279 1279
84552 1279 1279
84560 1279 1279
84567 1279 1279
84575 1279 1279
84583 1279 1279
84590 1279 1279
84598 1279 1279
84606 1279 1279
84614 1279 1279
84621 1279 1279
84629 1279 1279
84637 1279 1279
84644 1279 1279
84652 1279 1279
84660 1279 1279
84667 1279 1279
84676 1279 1279
84683 1279 1279
84691 1279 1279
84699 1279 1279
84707 1279 1279
84716 1279 1279
84724 1279 1279
84732 1279 1279
84740 1279 1279
84748 1279 1279
84757 1279 1279
84765 1279 1279
84773 1279 1279
84781 1279 1279
84789 1279 1279
84798 1279 1279
84806 1279 1279
84814 1279 1279
84822 1279 1279
84830 1279 1279
84839 1279 1279
84847 1279 1279
84855 1279 1279
84863 1279 1279
84871 1279 1279
84880 1279 1279
84888 1279 1279
84896 1279 1279
84904 1279 1279
84912 1279 1279
84921 1279 1279
84929 1279 1279
84937 1279 1279
84945 1279 1279
84953 1279 1279
84962 1279 1279
84970 1279 1279
84978 1279 1279
84986 1279 1279
84994 1279 1279
85003 1279 1279
85011 1279 1279
85019 1279 1279
85027 1279 1279
85036 1279 1279
85044 1279 1279
85052 1279 1279
85060 1279 1279
85068 1279 1279
85077 1279 1279
85085 1279 1279
85093 1279 1279
85101 1279 1279
85109 1279 1279
85118 1279 1279
85126 1279 1279
85134 1279 1279
85142 1279 1279
85150 1279 1279
85158 1279 1279
85166 1279 1279
85174 1279 1279
85182 1279 1279
85189 1279 1279
85197 1279 1279
85206 1279 1279
85213 1279 1279
85221 1279 1279
85228 1279 1279
85236 1279 1279
85244 1279 1279
85252 1279 1279
85260 1279 1279
85267 1279 1279
85276 1279 1279
85283 1279 1279
85291 1279 1279
85299 1279 1279
85307 1279 1279
85315 1279 1279
85323 1279 1279
85331 1279 1279
85339 1279 1279
85347 1279 1279
85355 1279 1279
85363 1279 1279
85372 1279 1279
85380 1279 1279
85387 1279 1279
85396 1279 1279
85404 1279 1279
85412 1279 1279
85420 1279 1279
85428 1279 1279
85436 1279 1279
85444 1279 1279
85453 1279 1279
85461 1279 1279
85469 1279 1279
85477 1279 1279
85485 1279 1279
85494 1279 1279
85502 1279 1279
85510 1279 1279
85518 1279 1279
85526 1279 1279
85535 1279 1279
85543 1279 1279
85551 1279 1279
85559 1279 1279
85567 1279 1279
85576 1279 1279
85584 1279 1279
85592 1279 1279
85600 1279 1279
85608 1279 1279
85617 1279 1279
85625 1279 1279
85633 1279 1279
85641 1279 1279
85649 1279 1279
85658 1279 1279
85666 1279 1279
85674 1279 1279
85682 1279 1279
85690 1279 1279
85699 1279 1279
85707 1279 1279
85715 1279 1279
85723 1279 1279
85731 1279 1279
85740 1279 1279
85748 1279 1279
85756 1279 1279
85764 1279 1279
85772 1279 1279
85781 1279 1279
85789 1279 1279
85797 1279 1279
85805 1279 1279
85813 1279 1279
85822 1279 1279
85830 1279 1279
85838 1279 1279
85846 1279 1279
85854 1279 1279
85863 1279 1279
85871 1279 1279
85879 1279 1279
85887 1279 1279
85896 1279 1279
85904 1279 1279
85912 1279 1279
85920 1279 1279
85928 1279 1279
85937 1279 1279
85945 1279 1279
85953 1279 1279
85961 1279 1279
85969 1279 1279
85978 1279 1279
85986 1279 1279
85994 1279 1279
86002 1279 1279
86010 1279 1279
86019 1279 1279
86027 1279 1279
86035 1279 1279
86043 1279 1279
86051 1279 1279
86060 1279 1279
86068 1279 1279
86076 1279 1279
86084 1279 1279
86092 1279 1279
86101 1279 1279
86109 1279 1279
86117 1279 1279
86125 1279 1279
86133 1279 1279
86142 1279 1279
86150 1279 1279
86158 1279 1279
86166 1279 1279
86174 1279 1279
86183 1279 1279
86191 1279 1279
86199 1279 1279
86207 1279 1279
86215 1279 1279
86224 1279 1279
86232 1279 1279
86240 1279 1279
86248 1279 1279
86256 1279 1279
86265 1279 1279
86273 1279 1279
86281 1279 1279
86289 1279 1279
86297 1279 1279
86305 1279 1279
86313 1279 1279
86321 1279 1279
86329 1278 1279
86337 1279 1279
86346 1279 1279
86353 1279 1279
86361 1279 1279
86369 1279 1279
86377 1279 1279
86385 1279 1279
86393 1279 1279
86401 1279 1279
86408 1279 1279
86416 1279 1279
86424 1279 1279
86432 1279 1279
86440 1279 1279
86448 1279 1279
86456 1279 1279
86464 1279 1279
86472 1279 1279
86480 1279 1279
86488 1279 1279
86496 1279 1279
86504 1279 1279
86512 1279 1279
86520 1279 1279
86528 1279 1279
86536 1279 1279
86545 1279 1279
86553 1279 1279
86561 1279 1279
86569 1279 1279
86578 1279 1279
86586 1279 1279
86594 1279 1279
86602 1279 1279
86610 1279 1279
86619 1279 1279
86627 1279 1279
86635 1279 1279
86643 1279 1279
86651 1279 1279
86660 1279 1279
86668 1279 1279
86676 1279 1279
86684 1279 1279
86692 1279 1279
86701 1279 1279
86709 1279 1279
86717 1279 1279
86725 1279 1279
86733 1279 1279
86742 1279 1279
86750 1279 1279
86758 1279 1279
86766 1279 1279
86774 1279 1279
86782 1279 1279
86790 1279 1279
86798 1279 1279
86806 1279 1279
86814 1279 1279
86823 1279 1279
86831 1279 1279
86839 1279 1279
86847 1279 1279
86855 1279 1279
86864 1279 1279
86872 1279 1279
86880 1279 1279
86888 1279 1279
86896 1279 1279
86905 1279 1279
86913 1279 1279
86921 1279 1279
86929 1279 1279
86937 1279 1279
86946 1279 1279
86953 1279 1279
86961 1279 1279
86969 1279 1279
86977 1279 1279
86985 1279 1279
86993 1279 1279
87001 1279 1279
87009 1279 1279
87018 1279 1279
87026 1279 1279
87034 1279 1279
87042 1279 1279
87051 1279 1279
87059 1279 1279
87067 1279 1279
87075 1279 1279
87083 1279 1279
87092 1279 1279
87100 1279 1279
87108 1279 1279
87116 1279 1279
87124 1279 1279
87133 1279 1279
87141 1279 1279
87149 1279 1279
87157 1279 1279
87165 1279 1279
87174 1279 1279
87182 1279 1279
87190 1279 1279
87198 1279 1279
87206 1279 1279
87215 1279 1279
87223 1279 1279
87231 1279 1279
87239 1279 1279
87247 1279 1279
87256 1279 1279
87264 1279 1279
87272 1279 1279
87280 1279 1279
87288 1279 1279
87297 1279 1279
87305 1279 1279
87313 1279 1279
87321 1279 1279
87330 1279 1279
87338 1279 1279
87346 1279 1279
87354 1279 1279
87362 1279 1279
87371 1279 1279
87379 1279 1279
87387 1279 1279
87395 1279 1279
87403 1279 1279
87412 1279 1279
87420 1279 1279
87428 1279 1279
87436 1279 1279
87444 1279 1279
87453 1279 1279
87461 1279 1279
87469 1279 1279
87477 1279 1279
87485 1279 1279
87494 1279 1279
87502 1279 1279
87510 1279 1279
87518 1279 1279
87526 1279 1279
87535 1279 1279
87543 1279 1279
87551 1279 1279
87559 1279 1279
87567 1279 1279
87576 1279 1279
87584 1279 1279
87592 1279 1279
87600 1279 1279
87608 1279 1279
87617 1279 1279
87625 1279 1279
87633 1279 1279
87641 1279 1279
87649 1279 1279
87658 1279 1279
87666 1279 1279
87674 1279 1279
87682 1279 1279
87690 1279 1279
87699 1279 1279
87707 1279 1279
87715 1279 1279
87723 1279 1279
87731 1279 1279
87740 1279 1279
87748 1279 1279
87756 1279 1279
87764 1279 1279
87772 1279 1279
87781 1279 1279
87789 1279 1279
87796 1279 1279
87804 1279 1279
87812 1279 1279
87820 1279 1279
87828 1279 1279
87836 1279 1279
87844 1279 1279
87851 1279 1279
87859 1279 1279
87867 1279 1279
87875 1279 1279
87883 1279 1279
87890 1279 1279
87898 1279 1279
87906 1279 1279
87914 1279 1279
87922 1279 1279
87930 1279 1279
87937 1279 1279
87945 1279 1279
87953 1279 1279
87961 1279 1279
87969 1279 1279
87976 1279 1279
87984 1279 1279
87992 1279 1279
88000 1279 1279
88007 1279 1279
88015 1279 1279
88023 1279 1279
88031 1279 1279
88039 1279 1279
88046 1279 1279
88054 1279 1279
88062 1279 1279
88070 1279 1279
88077 1279 1279
88085 1279 1279
88092 1279 1279
88100 1279 1279
88108 1279 1279
88116 1279 1279
88123 1279 1279
88131 1279 1279
88139 1279 1279
88146 1279 1279
88154 1279 1279
88162 1279 1279
88169 1279 1279
88177 1279 1279
88185 1279 1279
88193 1279 1279
88200 1279 1279
88208 1279 1279
88215 1279 1279
88223 1279 1279
88231 1279 1279
88239 1279 1279
88246 1279 1279
88254 1279 1279
88262 1279 1279
88270 1279 1279
88277 1279 1279
88285 1279 1279
88292 1279 1279
88300 1279 1279
88308 1279 1279
88316 1279 1279
88323 1279 1279
88331 1279 1279
88338 1279 1279
88346 1279 1279
88354 1279 1279
88362 1279 1279
88369 1279 1279
88377 1279 1279
88385 1279 1279
88393 1279 1279
88401 1279 1279
88408 1279 1279
88416 1279 1279
88424 1279 1279
88432 1279 1279
88440 1279 1279
88447 1279 1279
88455 1279 1279
88463 1279 1279
88471 1279 1279
88478 1279 1279
88486 1279 1279
88493 1279 1279
88501 1279 1279
88509 1279 1279
88517 1279 1279
88524 1279 1279
88532 1279 1279
88540 1279 1279
88547 1279 1279
88555 1279 1279
88563 1279 1279
88570 1279 1279
88578 1279 1279
88586 1279 1279
88594 1279 1279
88601 1279 1279
88609 1279 1279
88616 1279 1279
88624 1279 1279
88632 1279 1279
88640 1279 1279
88647 1279 1279
88655 1279 1279
88663 1279 1279
88671 1279 1279
88678 1279 1279
88686 1279 1279
88694 1279 1279
88702 1279 1279
88709 1279 1279
88717 1279 1279
88725 1279 1279
88732 1279 1279
88740 1279 1279
88748 1279 1279
88756 1279 1279
88763 1279 1279
88771 1279 1279
88779 1279 1279
88786 1279 1279
88794 1279 1279
88802 1279 1279
88810 1279 1279
88817 1279 1279
88825 1279 1279
88833 1279 1279
88841 1279 1279
88849 1279 1279
88856 1279 1279
88864 1279 1279
88872 1279 1279
88880 1279 1279
88887 1279 1279
88895 1279 1279
88903 1279 1279
88911 1279 1279
88919 1279 1279
88927 1279 1279
88934 1279 1279
88942 1279 1279
88950 1279 1279
88958 1279 1279
88966 1279 1279
88973 1279 1279
88981 1279 1279
88989 1279 1279
88997 1279 1279
89005 1279 1279
89013 1279 1279
89020 1279 1279
89028 1279 1279
89036 1279 1279
89044 1279 1279
89052 1279 1279
89059 1279 1279
89067 1279 1279
89075 1278 1279
89083 1279 1279
89091 1279 1279
89099 1279 1279
89107 1279 1279
89115 1279 1279
89123 1279 1279
89131 1279 1279
89139 1279 1279
89148 1279 1279
89156 1279 1279
89163 1279 1279
89171 1279 1279
89180 1279 1279
89188 1279 1279
89196 1279 1279
89203 1279 1279
89211 1279 1279
89219 1279 1279
89227 1279 1279
89235 1279 1279
89243 1279 1279
89251 1279 1279
89258 1279 1279
89266 1279 1279
89274 1279 1279
89282 1279 1279
89289 1279 1279
89297 1279 1279
89305 1279 1279
89313 1279 1279
89321 1279 1279
89328 1279 1279
89336 1279 1279
89343 1279 1279
89351 1279 1279
89359 1279 1279
89367 1279 1279
89374 1279 1279
89382 1279 1279
89390 1279 1279
89398 1279 1279
89405 1279 1279
89413 1279 1279
89421 1279 1279
89429 1279 1279
89437 1279 1279
89445 1279 1279
89452 1279 1279
89460 1279 1279
89468 1279 1279
89476 1279 1279
89484 1279 1279
89492 1279 1279
89499 1279 1279
89507 1279 1279
89515 1279 1279
89523 1279 1279
89531 1279 1279
89539 1279 1279
89547 1279 1279
89555 1279 1279
89563 1279 1279
89570 1279 1279
89578 1279 1279
89586 1279 1279
89594 1279 1279
89603 1279 1279
89610 1279 1279
89618 1279 1279
89626 1279 1279
89634 1279 1279
89643 1279 1279
89651 1279 1279
89659 1279 1279
89667 1279 1279
89675 1279 1279
89684 1279 1279
89692 1279 1279
89700 1279 1279
89708 1279 1279
89715 1279 1279
89724 1279 1279
89732 1279 1279
89740 1278 1279
89748 1279 1279
89756 1279 1279
89765 1279 1279
89773 1279 1279
89781 1279 1279
89789 1279 1279
89797 1279 1279
89806 1279 1279
89814 1279 1279
89822 1279 1279
89830 1279 1279
89838 1279 1279
89847 1279 1279
89855 1279 1279
89863 1279 1279
89871 1279 1279
89879 1279 1279
89888 1279 1279
89896 1279 1279
89904 1279 1279
89912 1279 1279
89920 1279 1279
89929 1279 1279
89937 1279 1279
89945 1279 1279
89953 1279 1279
89961 1279 1279
89970 1279 1279
89978 1279 1279
89986 1279 1279
89994 1279 1279
90002 1279 1279
90011 1279 1279
90019 1279 1279
90027 1279 1279
90035 1279 1279
90043 1279 1279
90052 1279 1279
90060 1279 1279
90068 1279 1279
90076 1279 1279
90084 1279 1279
90093 1279 1279
90101 1279 1279
90109 1279 1279
90117 1279 1279
90125 1279 1279
90133 1279 1279
90142 1279 1279
90150 1279 1279
90158 1279 1279
90166 1279 1279
90174 1279 1279
90182 1279 1279
90190 1279 1279
90198 1279 1279
90206 1279 1279
90214 1279 1279
90221 1279 1279
90229 1279 1279
90237 1279 1279
90245 1279 1279
90253 1279 1279
90261 1279 1279
90268 1279 1279
90276 1279 1279
90284 1279 1279
90292 1279 1279
90300 1279 1279
90308 1279 1279
90316 1279 1279
90323 1279 1279
90331 1279 1279
90339 1279 1279
90347 1279 1279
90355 1279 1279
90363 1279 1279
90370 1279 1279
90378 1279 1279
90386 1279 1279
90394 1279 1279
90402 1279 1279
90409 1279 1279
90417 1279 1279
90425 1279 1279
90433 1279 1279
90441 1279 1279
90448 1279 1279
90456 1279 1279
90464 1279 1279
90471 1279 1279
90479 1279 1279
90487 1279 1279
90495 1279 1279
90502 1279 1279
90510 1279 1279
90518 1279 1279
90525 1279 1279
90533 1279 1279
90541 1279 1279
90548 1279 1279
90556 1279 1279
90564 1279 1279
90572 1279 1279
90580 1279 1279
90588 1279 1279
90596 1279 1279
90604 1279 1279
90613 1279 1279
90621 1279 1279
90629 1279 1279
90637 1279 1279
90645 1279 1279
90654 1279 1279
90662 1279 1279
90670 1279 1279
90678 1279 1279
90686 1279 1279
90695 1279 1279
90703 1279 1279
90711 1279 1279
90719 1279 1279
90728 1279 1279
90736 1279 1279
90744 1279 1279
90752 1279 1279
90760 1279 1279
90769 1279 1279
90777 1279 1279
90785 1279 1279
90793 1279 1279
90801 1279 1279
90810 1279 1279
90818 1279 1279
90826 1279 1279
90834 1279 1279
90842 1279 1279
90851 1279 1279
90859 1279 1279
90867 1279 1279
90875 1279 1279
90883 1279 1279
90892 1279 1279
90900 1279 1279
90908 1279 1279
90916 1279 1279
90924 1279 1279
90933 1279 1279
90941 1279 1279
90949 1279 1279
90957 1279 1279
90965 1279 1279
90974 1279 1279
90982 1279 1279
90990 1279 1279
90998 1279 1279
91006 1279 1279
91014 1279 1279
91021 1279 1279
91029 1279 1279
91037 1279 1279
91045 1279 1279
91053 1279 1279
91060 1279 1279
91068 1279 1279
91076 1279 1279
91084 1279 1279
91092 1279 1279
91099 1279 1279
91107 1279 1279
91115 1279 1279
91123 1279 1279
91131 1279 1279
91139 1279 1279
91146 1279 1279
91154 1279 1279
91162 1279 1279
91170 1279 1279
91178 1279 1279
91186 1279 1279
91194 1279 1279
91202 1279 1279
91210 1279 1279
91217 1279 1279
91225 1279 1279
91233 1279 1279
91241 1279 1279
91249 1279 1279
91257 1279 1279
91264 1279 1279
91272 1279 1279
91280 1279 1279
91288 1279 1279
91296 1279 1279
91304 1279 1279
91311 1279 1279
91319 1279 1279
91327 1279 1279
91335 1279 1279
91343 1279 1279
91350 1279 1279
91358 1279 1279
91366 1279 1279
91374 1279 1279
91382 1279 1279
91390 1279 1279
91397 1279 1279
91405 1279 1279
91413 1279 1279
91421 1279 1279
91429 1279 1279
91437 1279 1279
91445 1279 1279
91453 1279 1279
91461 1279 1279
91469 1279 1279
91477 1279 1279
91485 1279 1279
91494 1279 1279
91502 1279 1279
91510 1279 1279
91518 1279 1279
91526 1279 1279
91535 1279 1279
91543 1279 1279
91551 1279 1279
91559 1279 1279
91567 1279 1279
91576 1279 1279
91584 1279 1279
91592 1279 1279
91600 1279 1279
91608 1279 1279
91617 1279 1279
91625 1279 1279
91633 1279 1279
91641 1279 1279
91649 1279 1279
91658 1279 1279
91666 1279 1279
91674 1279 1279
91682 1279 1279
91690 1279 1279
91699 1279 1279
91707 1279 1279
91715 1279 1279
91723 1279 1279
91731 1279 1279
91740 1279 1279
91748 1279 1279
91756 1279 1279
91764 1279 1279
91772 1279 1279
91781 1279 1279
91788 1279 1279
91796 1279 1279
91804 1279 1279
91812 1279 1279
91821 1279 1279
91828 1279 1279
91836 1279 1279
91844 1279 1279
91852 1279 1279
91860 1279 1279
91868 1279 1279
91875 1279 1279
91883 1279 1279
91891 1279 1279
91899 1279 1279
91908 1279 1279
91915 1279 1279
91923 1279 1279
91931 1279 1279
91939 1279 1279
91947 1279 1279
91955 1279 1279
91963 1279 1279
91971 1279 1279
91979 1279 1279
91987 1279 1279
91995 1279 1279
92003 1279 1279
92011 1279 1279
92019 1279 1279
92027 1279 1279
92035 1279 1279
92043 1279 1279
92050 1279 1279
92058 1279 1279
92066 1279 1279
92074 1279 1279
92082 1279 1279
92089 1279 1279
92097 1279 1279
92105 1279 1279
92113 1279 1279
92120 1279 1279
92128 1279 1279
92136 1279 1279
92144 1279 1279
92151 1279 1279
92159 1279 1279
92167 1279 1279
92174 1279 1279
92182 1279 1279
92190 1279 1279
92198 1279 1279
92205 1279 1279
92213 1279 1279
92221 1279 1279
92228 1279 1279
92236 1279 1279
92244 1279 1279
92251 1279 1279
92259 1279 1279
92267 1279 1279
92275 1279 1279
92282 1279 1279
92290 1279 1279
92298 1279 1279
92305 1279 1279
92313 1279 1279
92321 1279 1279
92328 1279 1279
92336 1279 1279
92344 1279 1279
92351 1279 1279
92359 1279 1279
92367 1279 1279
92375 1279 1279
92382 1279 1279
92390 1279 1279
92398 1279 1279
92405 1279 1279
92413 1279 1279
92421 1279 1279
92428 1279 1279
92436 1279 1279
92444 1279 1279
92451 1279 1279
92459 1279 1279
92467 1279 1279
92474 1279 1279
92482 1279 1279
92490 1279 1279
92498 1279 1279
92505 1279 1279
92513 1279 1279
92520 1279 1279
92528 1279 1279
92536 1279 1279
92544 1279 1279
92551 1279 1279
92559 1279 1279
92567 1279 1279
92574 1279 1279
92582 1279 1279
92590 1279 1279
92597 1279 1279
92605 1279 1279
92613 1279 1279
92621 1279 1279
92629 1279 1279
92636 1279 1279
92644 1279 1279
92652 1279 1279
92660 1279 1279
92669 1279 1279
92677 1279 1279
92685 1279 1279
92693 1279 1279
92701 1279 1279
92710 1279 1279
92718 1279 1279
92726 1279 1279
92734 1279 1279
92743 1279 1279
92751 1279 1279
92759 1279 1279
92767 1279 1279
92775 1279 1279
92784 1279 1279
92792 1279 1279
92800 1279 1279
92808 1279 1279
92816 1279 1279
92825 1279 1279
92833 1279 1279
92841 1279 1279
92849 1279 1279
92857 1279 1279
92865 1279 1279
92873 1279 1279
92881 1279 1279
92889 1279 1279
92897 1279 1279
92905 1279 1279
92913 1279 1279
92920 1279 1279
92928 1279 1279
92936 1279 1279
92944 1279 1279
92951 1279 1279
92959 1279 1279
92966 1279 1279
92974 1279 1279
92982 1279 1279
92990 1279 1279
92997 1279 1279
93005 1279 1279
93013 1279 1279
93021 1279 1279
93028 1279 1279
93036 1279 1279
93044 1279 1279
93052 1279 1279
93059 1279 1279
93067 1279 1279
93075 1279 1279
93082 1279 1279
93090 1279 1279
93098 1279 1279
93106 1279 1279
93114 1279 1279
93121 1279 1279
93129 1279 1279
93137 1279 1279
93145 1279 1279
93153 1279 1279
93160 1279 1279
93168 1279 1279
93176 1279 1279
93184 1279 1279
93192 1279 1279
93199 1279 1279
93207 1279 1279
93215 1279 1279
93222 1279 1279
93230 1279 1279
93238 1279 1279
93246 1279 1279
93254 1279 1279
93262 1279 1279
93270 1279 1279
93277 1279 1279
93285 1279 1279
93293 1279 1279
93301 1279 1279
93309 1279 1279
93317 1279 1279
93325 1279 1279
93333 1279 1279
93341 1279 1279
93349 1279 1279
93357 1279 1279
93365 1279 1279
93373 1279 1279
93381 1279 1279
93389 1279 1279
93397 1279 1279
93405 1279 1279
93413 1279 1279
93421 1279 1279
93429 1279 1279
93437 1279 1279
93445 1279 1279
93453 1279 1279
93461 1279 1279
93470 1279 1279
93478 1279 1279
93486 1279 1279
93494 1279 1279
93503 1279 1279
93511 1279 1279
93519 1279 1279
93527 1279 1279
93535 1279 1279
93544 1279 1279
93552 1279 1279
93560 1279 1279
93568 1279 1279
93576 1279 1279
93585 1279 1279
93593 1279 1279
93601 1279 1279
93609 1279 1279
93617 1279 1279
93626 1279 1279
93634 1279 1279
93642 1279 1279
93650 1279 1279
93658 1279 1279
93667 1279 1279
93675 1279 1279
93683 1279 1279
93691 1279 1279
93699 1279 1279
93708 1279 1279
93716 1279 1279
93724 1279 1279
93732 1279 1279
93740 1279 1279
93749 1279 1279
93757 1279 1279
93765 1279 1279
93773 1279 1279
93781 1279 1279
93790 1279 1279
93798 1279 1279
93806 1279 1279
93814 1279 1279
93822 1279 1279
93831 1279 1279
93839 1279 1279
93847 1279 1279
93855 1279 1279
93863 1279 1279
93872 1279 1279
93880 1279 1279
93888 1279 1279
93896 1279 1279
93904 1279 1279
93913 1279 1279
93921 1279 1279
93929 1279 1279
93937 1279 1279
93945 1279 1279
93954 1279 1279
93962 1279 1279
93970 1279 1279
93978 1279 1279
93986 1279 1279
93995 1279 1279
94003 1279 1279
94011 1279 1279
94019 1279 1279
94027 1279 1279
94036 1279 1279
94044 1279 1279
94052 1279 1279
94060 1279 1279
94068 1279 1279
94077 1279 1279
94085 1279 1279
94093 1279 1279
94101 1279 1279
94109 1279 1279
94118 1279 1279
94126 1279 1279
94134 1279 1279
94142 1279 1279
94150 1279 1279
94159 1279 1279
94167 1279 1279
94175 1279 1279
94183 1279 1279
94191 1279 1279
94199 1279 1279
94207 1279 1279
94215 1279 1279
94223 1279 1279
94231 1279 1279
94239 1279 1279
94246 1279 1279
94254 1279 1279
94262 1279 1279
94270 1279 1279
94278 1279 1279
94285 1279 1279
94293 1279 1279
94301 1279 1279
94309 1279 1279
94317 1279 1279
94325 1279 1279
94333 1279 1279
94341 1279 1279
94348 1279 1279
94356 1279 1279
94364 1279 1279
94372 1279 1279
94380 1279 1279
94388 1279 1279
94396 1279 1279
94404 1279 1279
94412 1279 1279
94420 1279 1279
94428 1279 1279
94436 1279 1279
94445 1279 1279
94453 1279 1279
94461 1279 1279
94469 1279 1279
94477 1279 1279
94486 1279 1279
94494 1279 1279
94502 1279 1279
94510 1279 1279
94518 1279 1279
94527 1279 1279
94535 1279 1279
94543 1279 1279
94551 1279 1279
94559 1279 1279
94568 1279 1279
94576 1279 1279
94584 1279 1279
94592 1279 1279
94600 1279 1279
94609 1279 1279
94617 1279 1279
94625 1279 1279
94633 1279 1279
94641 1279 1279
94650 1279 1279
94658 1279 1279
94666 1279 1279
94674 1279 1279
94683 1279 1279
94691 1279 1279
94699 1279 1279
94707 1279 1279
94715 1279 1279
94724 1279 1279
94732 1279 1279
94740 1279 1279
94748 1279 1279
94756 1279 1279
94765 1279 1279
94773 1279 1279
94781 1279 1279
94789 1279 1279
94798 1279 1279
94806 1279 1279
94814 1279 1279
94822 1279 1279
94830 1279 1279
94839 1279 1279
94847 1279 1279
94855 1279 1279
94863 1279 1279
94871 1279 1279
94880 1279 1279
94888 1279 1279
94896 1279 1279
94904 1279 1279
94912 1279 1279
94920 1279 1279
94929 1279 1279
94937 1279 1279
94945 1279 1279
94953 1279 1279
94961 1279 1279
94970 1279 1279
94978 1279 1279
94986 1279 1279
94994 1279 1279
95002 1279 1279
95011 1279 1279
95019 1279 1279
95027 1279 1279
95035 1279 1279
95043 1279 1279
95052 1279 1279
95060 1279 1279
95068 1279 1279
95076 1279 1279
95084 1279 1279
95092 1279 1279
95100 1279 1279
95108 1279 1279
95116 1279 1279
95124 1279 1279
95132 1279 1279
95140 1279 1279
95148 1279 1279
95156 1279 1279
95164 1279 1279
95172 1279 1279
95180 1279 1279
95188 1279 1279
95195 1279 1279
95203 1279 1279
95211 1279 1279
95219 1279 1279
95227 1279 1279
95235 1279 1279
95243 1279 1279
95251 1279 1279
95258 1279 1279
95266 1279 1279
95274 1279 1279
95282 1279 1279
95289 1279 1279
95297 1279 1279
95305 1279 1279
95312 1279 1279
95320 1279 1279
95328 1279 1279
95335 1279 1279
95343 1279 1279
95351 1279 1279
95358 1279 1279
95366 1279 1279
95374 1279 1279
95381 1279 1279
95389 1279 1279
95397 1279 1279
95405 1279 1279
95413 1279 1279
95420 1279 1279
95428 1279 1279
95436 1279 1279
95444 1279 1279
95452 1279 1279
95460 1279 1279
95468 1279 1279
95476 1279 1279
95484 1279 1279
95492 1279 1279
95500 1279 1279
95508 1279 1279
95516 1279 1279
95524 1279 1279
95532 1279 1279
95539 1279 1279
95547 1279 1279
95555 1279 1279
95564 1279 1279
95572 1279 1279
95580 1279 1279
95588 1279 1279
95596 1279 1279
95605 1279 1279
95613 1279 1279
95621 1279 1279
95629 1279 1279
95637 1279 1279
95646 1279 1279
95654 1279 1279
95662 1279 1279
95670 1279 1279
95678 1279 1279
95687 1279 1279
95695 1279 1279
95703 1279 1279
95711 1279 1279
95719 1279 1279
95728 1279 1279
95736 1279 1279
95744 1279 1279
95752 1279 1279
95760 1279 1279
95769 1279 1279
95777 1279 1279
95785 1279 1279
95793 1279 1279
95801 1279 1279
95810 1279 1279
95818 1279 1279
95826 1279 1279
95834 1279 1279
95843 1279 1279
95851 1279 1279
95859 1279 1279
95867 1279 1279
95875 1279 1279
95884 1279 1279
95892 1279 1279
95900 1279 1279
95908 1279 1279
95915 1279 1279
95924 1279 1279
95931 1279 1279
95939 1279 1279
95947 1279 1279
95955 1279 1279
95964 1279 1279
95971 1279 1279
95979 1279 1279
95986 1279 1279
95994 1279 1279
96003 1279 1279
96010 1279 1279
96018 1279 1279
96026 1279 1279
96034 1279 1279
96042 1279 1279
96050 1279 1279
96057 1279 1279
96065 1279 1279
96072 1279 1279
96081 1279 1279
96088 1279 1279
96096 1279 1279
96103 1279 1279
96111 1279 1279
96119 1279 1279
96127 1279 1279
96134 1279 1279
96142 1279 1279
96150 1279 1279
96158 1279 1279
96166 1279 1279
96173 1279 1279
96181 1279 1279
96188 1279 1279
96196 1279 1279
96204 1279 1279
96212 1279 1279
96219 1279 1279
96227 1279 1279
96235 1279 1279
96243 1279 1279
96250 1279 1279
96258 1279 1279
96265 1279 1279
96273 1279 1279
96281 1279 1279
96289 1279 1279
96296 1279 1279
96304 1279 1279
96311 1279 1279
96320 1279 1279
96327 1279 1279
96335 1279 1279
96343 1279 1279
96350 1279 1279
96358 1279 1279
96366 1279 1279
96374 1279 1279
96381 1279 1279
96389 1279 1279
96397 1279 1279
96405 1279 1279
96412 1279 1279
96420 1279 1279
96427 1279 1279
96435 1279 1279
96443 1279 1279
96451 1279 1279
96458 1279 1279
96466 1279 1279
96474 1279 1279
96482 1279 1279
96489 1279 1279
96497 1279 1279
96504 1279 1279
96512 1279 1279
96520 1279 1279
96528 1279 1279
96535 1279 1279
96543 1279 1279
96550 1279 1279
96558 1279 1279
96566 1279 1279
96574 1279 1279
96582 1279 1279
96590 1279 1279
96598 1279 1279
96605 1279 1279
96613 1279 1279
96621 1279 1279
96628 1279 1279
96636 1279 1279
96644 1279 1279
96652 1279 1279
96659 1279 1279
96667 1279 1279
96675 1279 1279
96682 1279 1279
96690 1279 1279
96698 1279 1279
96705 1279 1279
96713 1279 1279
96721 1279 1279
96729 1279 1279
96736 1279 1279
96744 1279 1279
96752 1279 1279
96759 1279 1279
96767 1279 1279
96775 1279 1279
96782 1279 1279
96790 1279 1279
96797 1279 1279
96805 1279 1279
96813 1279 1279
96820 1279 1279
96828 1279 1279
96836 1279 1279
96843 1279 1279
96851 1279 1279
96859 1279 1279
96866 1279 1279
96874 1279 1279
96882 1279 1279
96890 1279 1279
96897 1279 1279
96905 1279 1279
96912 1279 1279
96920 1279 1279
96928 1279 1279
96936 1279 1279
96943 1279 1279
96951 1279 1279
96959 1279 1279
96966 1279 1279
96974 1279 1279
96982 1279 1279
96989 1279 1279
96997 1279 1279
97005 1279 1279
97013 1279 1279
97020 1279 1279
97028 1279 1279
97035 1279 1279
97043 1279 1279
97051 1279 1279
97058 1279 1279
97066 1279 1279
97074 1279 1279
97081 1279 1279
97089 1279 1279
97097 1279 1279
97104 1279 1279
97112 1279 1279
97120 1279 1279
97128 1279 1279
97135 1278 1279
97143 1279 1279
97150 1279 1279
97158 1279 1279
97166 1279 1279
97174 1279 1279
97182 1279 1279
97189 1279 1279
97197 1279 1279
97205 1279 1279
97212 1279 1279
97220 1279 1279
97228 1279 1279
97235 1279 1279
97243 1279 1279
97251 1279 1279
97259 1279 1279
97266 1279 1279
97274 1279 1279
97281 1279 1279
97289 1279 1279
97297 1279 1279
97305 1279 1279
97312 1279 1279
97320 1279 1279
97328 1279 1279
97335 1279 1279
97343 1279 1279
97351 1279 1279
97358 1279 1279
97366 1279 1279
97374 1279 1279
97382 1279 1279
97389 1279 1279
97397 1279 1279
97405 1279 1279
97412 1279 1279
97420 1279 1279
97428 1279 1279
97435 1279 1279
97443 1279 1279
97451 1279 1279
97459 1279 1279
97466 1279 1279
97474 1279 1279
97481 1279 1279
97489 1279 1279
97497 1279 1279
97504 1279 1279
97512 1279 1279
97519 1279 1279
97527 1279 1279
97535 1279 1279
97543 1279 1279
97550 1279 1279
97558 1279 1279
97565 1279 1279
97573 1279 1279
97581 1279 1279
97588 1279 1279
97596 1279 1279
97604 1279 1279
97611 1279 1279
97619 1279 1279
97627 1279 1279
97634 1279 1279
97642 1279 1279
97650 1279 1279
97658 1279 1279
97665 1279 1279
97673 1279 1279
97681 1279 1279
97688 1279 1279
97696 1279 1279
97704 1279 1279
97711 1279 1279
97719 1279 1279
97727 1279 1279
97734 1279 1279
97742 1279 1279
97750 1279 1279
97758 1279 1279
97765 1279 1279
97773 1279 1279
97781 1279 1279
97788 1279 1279
97796 1279 1279
97804 1279 1279
97811 1279 1279
97819 1279 1279
97827 1279 1279
97834 1279 1279
97842 1279 1279
97850 1279 1279
97858 1279 1279
97865 1279 1279
97873 1279 1279
97881 1279 1279
97889 1279 1279
97897 1279 1279
97905 1279 1279
97914 1279 1279
97922 1279 1279
97930 1279 1279
97939 1279 1279
97947 1279 1279
97955 1279 1279
97963 1279 1279
97971 1279 1279
97980 1279 1279
97988 1279 1279
97996 1279 1279
98004 1279 1279
98012 1279 1279
98021 1279 1279
98029 1279 1279
98037 1279 1279
98045 1279 1279
98053 1279 1279
98062 1279 1279
98070 1279 1279
98078 1279 1279
98086 1279 1279
98094 1279 1279
98103 1279 1279
98111 1279 1279
98119 1279 1279
98127 1279 1279
98135 1279 1279
98144 1279 1279
98152 1279 1279
98160 1279 1279
98168 1279 1279
98176 1279 1279
98185 1279 1279
98193 1279 1279
98201 1279 1279
98209 1279 1279
98217 1279 1279
98225 1279 1279
98232 1279 1279
98240 1279 1279
98248 1279 1279
98255 1279 1279
98263 1279 1279
98271 1279 1279
98278 1279 1279
98286 1279 1279
98294 1279 1279
98302 1279 1279
98309 1279 1279
98317 1279 1279
98324 1279 1279
98332 1279 1279
98340 1279 1279
98348 1279 1279
98355 1279 1279
98363 1279 1279
98371 1279 1279
98378 1279 1279
98386 1279 1279
98394 1279 1279
98401 1279 1279
98409 1279 1279
98417 1279 1279
98425 1279 1279
98432 1279 1279
98440 1279 1279
98447 1279 1279
98455 1279 1279
98463 1279 1279
98471 1279 1279
98478 1279 1279
98486 1279 1279
98494 1279 1279
98501 1279 1279
98509 1279 1279
98517 1279 1279
98524 1279 1279
98532 1279 1279
98540 1279 1279
98548 1279 1279
98555 1279 1279
98563 1279 1279
98571 1279 1279
98578 1279 1279
98586 1279 1279
98594 1279 1279
98601 1279 1279
98609 1279 1279
98617 1279 1279
98625 1279 1279
98632 1279 1279
98640 1279 1279
98647 1279 1279
98655 1279 1279
98663 1279 1279
98671 1279 1279
98679 1279 1279
98686 1279 1279
98694 1279 1279
98702 1279 1279
98710 1279 1279
98718 1279 1279
98726 1279 1279
98734 1279 1279
98742 1279 1279
98750 1279 1279
98758 1279 1279
98766 1279 1279
98774 1279 1279
98782 1279 1279
98790 1279 1279
98798 1279 1279
98806 1279 1279
98814 1279 1279
98821 1279 1279
98829 1279 1279
98838 1279 1279
98845 1279 1279
98853 1279 1279
98861 1279 1279
98869 1279 1279
98877 1279 1279
98885 1279 1279
98893 1279 1279
98901 1279 1279
98910 1279 1279
98918 1279 1279
98926 1279 1279
98934 1279 1279
98942 1279 1279
98950 1279 1279
98959 1279 1279
98966 1279 1279
98974 1279 1279
98982 1279 1279
98990 1279 1279
98999 1279 1279
99006 1279 1279
99014 1279 1279
99022 1279 1279
99030 1279 1279
99038 1279 1279
99046 1279 1279
99054 1279 1279
99062 1279 1279
99070 1279 1279
99078 1279 1279
99086 1279 1279
99094 1279 1279
99102 1279 1279
99111 1279 1279
99119 1279 1279
99127 1279 1279
99135 1279 1279
99143 1279 1279
99152 1279 1279
99160 1279 1279
99168 1279 1279
99176 1279 1279
99184 1279 1279
99193 1279 1279
99201 1279 1279
99209 1279 1279
99217 1279 1279
99225 1279 1279
99234 1279 1279
99242 1279 1279
99250 1279 1279
99258 1279 1279
99267 1279 1279
99275 1279 1279
99283 1279 1279
99291 1279 1279
99299 1279 1279
99308 1279 1279
99316 1279 1279
99324 1279 1279
99332 1279 1279
99340 1279 1279
99349 1279 1279
99357 1279 1279
99365 1279 1279
99373 1279 1279
99381 1279 1279
99390 1279 1279
99398 1279 1279
99406 1279 1279
99414 1279 1279
99422 1279 1279
99431 1279 1279
99439 1279 1279
99447 1279 1279
99455 1279 1279
99463 1279 1279
99472 1279 1279
99480 1279 1279
99488 1279 1279
99496 1279 1279
99504 1279 1279
99513 1279 1279
99521 1279 1279
99529 1279 1279
99537 1279 1279
99545 1279 1279
99554 1279 1279
99562 1279 1279
99570 1279 1279
99578 1279 1279
99586 1279 1279
99595 1279 1279
99603 1279 1279
99611 1279 1279
99619 1279 1279
99627 1279 1279
99636 1279 1279
99644 1279 1279
99652 1279 1279
99660 1279 1279
99668 1279 1279
99676 1279 1279
99684 1279 1279
99692 1279 1279
99700 1279 1279
99708 1279 1279
99717 1279 1279
99724 1279 1279
99732 1279 1279
99740 1279 1279
99748 1279 1279
99756 1279 1279
99764 1279 1279
99771 1279 1279
99779 1279 1279
99787 1279 1279
99795 1279 1279
99803 1279 1279
99811 1279 1279
99819 1279 1279
99826 1279 1279
99835 1279 1279
99843 1279 1279
99851 1279 1279
99859 1279 1279
99867 1279 1279
99876 1279 1279
99884 1279 1279
99892 1279 1279
99900 1279 1279
99908 1279 1279
99917 1279 1279
99925 1279 1279
99933 1279 1279
99941 1279 1279
99949 1279 1279
99957 1279 1279
99964 1279 1279
99972 1279 1279
99980 1279 1279
99987 1279 1279
99995 1279 1279
100003 1279 1279
100011 1279 1279
100019 1279 1279
100027 1279 1279
100036 1279 1279
100044 1279 1279
100052 1279 1279
100060 1279 1279
100068 1279 1279
100077 1279 1279
100085 1279 1279
100093 1279 1279
100101 1279 1279
100109 1279 1279
100118 1279 1279
100126 1279 1279
100134 1279 1279
100142 1279 1279
100150 1279 1279
100159 1279 1279
100167 1279 1279
100175 1279 1279
100183 1279 1279
100191 1279 1279
100200 1279 1279
100208 1279 1279
100216 1279 1279
100224 1279 1279
100232 1279 1279
100241 1279 1279
100249 1279 1279
100257 1279 1279
100265 1279 1279
100274 1279 1279
100282 1279 1279
100290 1279 1279
100298 1279 1279
100306 1279 1279
100315 1279 1279
100323 1279 1279
100331 1279 1279
100339 1279 1279
100347 1279 1279
100356 1279 1279
100364 1279 1279
100372 1279 1279
100380 1279 1279
100388 1279 1279
100397 1279 1279
100405 1279 1279
100413 1279 1279
100421 1279 1279
100429 1279 1279
100438 1279 1279
100446 1279 1279
100454 1279 1279
100462 1279 1279
100470 1279 1279
100479 1279 1279
100487 1279 1279
100495 1279 1279
100503 1279 1279
100511 1279 1279
100520 1279 1279
100528 1279 1279
100536 1279 1279
100544 1279 1279
100552 1279 1279
100561 1279 1279
100569 1279 1279
100577 1279 1279
100585 1279 1279
100593 1279 1279
100602 1279 1279
100610 1279 1279
100618 1279 1279
100626 1279 1279
100635 1279 1279
100643 1279 1279
100651 1279 1279
100659 1279 1279
100667 1279 1279
100676 1279 1279
100684 1279 1279
100692 1279 1279
100700 1279 1279
100708 1279 1279
100717 1279 1279
100725 1279 1279
100733 1279 1279
100741 1279 1279
100749 1279 1279
100757 1279 1279
100766 1279 1279
100774 1279 1279
100782 1279 1279
100790 1279 1279
100798 1279 1279
100807 1279 1279
100815 1279 1279
100823 1279 1279
100831 1279 1279
100839 1279 1279
100848 1279 1279
100856 1279 1279
100864 1279 1279
100872 1279 1279
100881 1279 1279
100889 1279 1279
100897 1279 1279
100905 1279 1279
100913 1279 1279
100921 1279 1279
100930 1279 1279
100938 1279 1279
100946 1279 1279
100954 1279 1279
100962 1279 1279
100970 1279 1279
100978 1279 1279
100986 1279 1279
100994 1279 1279
101002 1279 1279
101010 1279 1279
101018 1279 1279
101026 1279 1279
101034 1279 1279
101042 1279 1279
101050 1279 1279
101058 1279 1279
101067 1279 1279
101075 1279 1279
101083 1279 1279
101091 1279 1279
101099 1279 1279
101107 1279 1279
101115 1279 1279
101123 1279 1279
101131 1279 1279
101139 1279 1279
101147 1279 1279
101155 1279 1279
101163 1279 1279
101171 1279 1279
101179 1279 1279
101187 1279 1279
101195 1279 1279
101204 1279 1279
101212 1279 1279
101220 1279 1279
101228 1279 1279
101236 1279 1279
101245 1279 1279
101253 1279 1279
101261 1279 1279
101269 1279 1279
101277 1279 1279
101286 1279 1279
101294 1279 1279
101302 1279 1279
101310 1279 1279
101318 1279 1279
101327 1279 1279
101335 1279 1279
101343 1279 1279
101351 1279 1279
101359 1279 1279
101368 1279 1279
101376 1279 1279
101384 1279 1279
101392 1279 1279
101400 1279 1279
101409 1279 1279
101417 1279 1279
101425 1279 1279
101433 1279 1279
101441 1279 1279
101450 1279 1279
101458 1279 1279
101466 1279 1279
101474 1279 1279
101482 1279 1279
101491 1279 1279
101499 1279 1279
101507 1279 1279
101515 1279 1279
101523 1279 1279
101532 1279 1279
101540 1279 1279
101548 1279 1279
101556 1279 1279
101564 1279 1279
101573 1279 1279
101581 1279 1279
101589 1279 1279
101597 1279 1279
101605 1279 1279
101614 1279 1279
101622 1279 1279
101630 1279 1279
101638 1279 1279
101647 1279 1279
101655 1279 1279
101663 1279 1279
101671 1279 1279
101679 1279 1279
101688 1279 1279
101696 1279 1279
101704 1279 1279
101712 1279 1279
101720 1279 1279
101729 1279 1279
101737 1279 1279
101745 1279 1279
101753 1279 1279
101761 1279 1279
101770 1279 1279
101778 1279 1279
101786 1279 1279
101794 1279 1279
101802 1279 1279
101811 1279 1279
101819 1279 1279
101827 1279 1279
101835 1279 1279
101843 1279 1279
101852 1279 1279
101860 1279 1279
101868 1279 1279
101876 1279 1279
101885 1279 1279
101893 1279 1279
101901 1279 1279
101909 1279 1279
101917 1279 1279
101926 1279 1279
101934 1279 1279
101942 1279 1279
101950 1279 1279
101958 1279 1279
101967 1279 1279
101975 1279 1279
101983 1279 1279
101991 1279 1279
101999 1279 1279
102008 1279 1279
102016 1279 1279
102024 1279 1279
102032 1279 1279
102040 1279 1279
102049 1279 1279
102057 1279 1279
102065 1279 1279
102073 1279 1279
102081 1279 1279
102090 1279 1279
102098 1279 1279
102106 1279 1279
102114 1279 1279
102122 1279 1279
102131 1279 1279
102139 1279 1279
102147 1279 1279
102155 1279 1279
102163 1279 1279
102172 1279 1279
102180 1279 1279
102188 1279 1279
102196 1279 1279
102204 1279 1279
102213 1279 1279
102221 1279 1279
102229 1279 1279
102237 1279 1279
102245 1279 1279
102254 1279 1279
102262 1279 1279
102270 1279 1279
102278 1279 1279
102286 1279 1279
102295 1279 1279
102303 1279 1279
102311 1279 1279
102319 1279 1279
102328 1279 1279
102336 1279 1279
102344 1279 1279
102352 1279 1279
102360 1279 1279
102369 1279 1279
102377 1279 1279
102385 1279 1279
102393 1279 1279
102401 1279 1279
102410 1279 1279
102418 1279 1279
102426 1279 1279
102434 1279 1279
102442 1279 1279
102451 1279 1279
102459 1279 1279
102467 1279 1279
102475 1279 1279
102483 1279 1279
102492 1279 1279
102500 1279 1279
102508 1279 1279
102516 1279 1279
102524 1279 1279
102533 1279 1279
102541 1279 1279
102549 1279 1279
102557 1279 1279
102565 1279 1279
102574 1279 1279
102582 1279 1279
102590 1279 1279
102598 1279 1279
102606 1279 1279
102615 1279 1279
102623 1279 1279
102631 1279 1279
102639 1279 1279
102647 1279 1279
102656 1279 1279
102664 1279 1279
102672 1279 1279
102680 1279 1279
102688 1279 1279
102697 1279 1279
102705 1279 1279
102713 1279 1279
102721 1279 1279
102729 1279 1279
102738 1279 1279
102746 1279 1279
102754 1279 1279
102762 1279 1279
102771 1279 1279
102779 1279 1279
102787 1279 1279
102795 1279 1279
102803 1279 1279
102812 1279 1279
102820 1279 1279
102828 1279 1279
102836 1279 1279
102844 1279 1279
102853 1279 1279
102861 1279 1279
102869 1279 1279
102877 1279 1279
102885 1279 1279
102894 1279 1279
102902 1279 1279
102910 1279 1279
102918 1279 1279
102926 1279 1279
102935 1279 1279
102943 1279 1279
102951 1279 1279
102959 1279 1279
102967 1279 1279
102976 1279 1279
102984 1279 1279
102992 1279 1279
103000 1279 1279
103008 1279 1279
103017 1279 1279
103025 1279 1279
103033 1279 1279
103041 1279 1279
103049 1279 1279
103058 1279 1279
103066 1279 1279
103074 1279 1279
103082 1279 1279
103090 1279 1279
103099 1279 1279
103107 1279 1279
103115 1279 1279
103123 1279 1279
103131 1279 1279
103140 1279 1279
103148 1279 1279
103156 1279 1279
103164 1279 1279
103172 1279 1279
103181 1279 1279
103189 1279 1279
103197 1279 1279
103205 1279 1279
103213 1279 1279
103222 1279 1279
103230 1279 1279
103238 1279 1279
103246 1279 1279
103254 1279 1279
103263 1279 1279
103271 1279 1279
103279 1279 1279
103287 1279 1279
103295 1279 1279
103304 1279 1279
103312 1279 1279
103320 1279 1279
103328 1279 1279
103336 1279 1279
103345 1279 1279
103353 1279 1279
103361 1279 1279
103369 1279 1279
103377 1279 1279
103386 1279 1279
103394 1279 1279
103402 1279 1279
103410 1279 1279
103418 1279 1279
103427 1279 1279
103435 1279 1279
103443 1279 1279
103451 1279 1279
103459 1279 1279
103468 1279 1279
103476 1279 1279
103484 1279 1279
103492 1279 1279
103501 1279 1279
103509 1279 1279
103517 1279 1279
103525 1279 1279
103533 1279 1279
103542 1279 1279
103550 1279 1279
103558 1279 1279
103566 1279 1279
103574 1279 1279
103583 1279 1279
103591 1279 1279
103599 1279 1279
103607 1279 1279
103615 1279 1279
103624 1279 1279
103632 1279 1279
103640 1279 1279
103648 1279 1279
103656 1279 1279
103665 1279 1279
103673 1278 1279
103681 1279 1279
103689 1279 1279
103697 1279 1279
103706 1279 1279
103714 1279 1279
103722 1279 1279
103730 1279 1279
103738 1279 1279
103746 1279 1279
103754 1279 1279
103763 1279 1279
103771 1279 1279
103779 1279 1279
103787 1279 1279
103795 1279 1279
103804 1279 1279
103812 1279 1279
103820 1279 1279
103828 1279 1279
103836 1279 1279
103845 1279 1279
103853 1279 1279
103861 1279 1279
103869 1279 1279
103877 1279 1279
103885 1279 1279
103893 1279 1279
103901 1279 1279
103910 1279 1279
103918 1279 1279
103926 1279 1279
103934 1279 1279
103942 1279 1279
103951 1279 1279
103959 1279 1279
103967 1279 1279
103975 1279 1279
103984 1279 1279
103992 1279 1279
104000 1279 1279
104008 1279 1279
104016 1279 1279
104025 1279 1279
104033 1279 1279
104041 1279 1279
104049 1279 1279
104057 1279 1279
104066 1279 1279
104074 1279 1279
104082 1279 1279
104090 1279 1279
104098 1279 1279
104107 1279 1279
104115 1279 1279
104123 1279 1279
104131 1279 1279
104139 1279 1279
104148 1279 1279
104156 1279 1279
104164 1279 1279
104172 1279 1279
104180 1279 1279
104189 1279 1279
104197 1279 1279
104205 1279 1279
104213 1279 1279
104221 1279 1279
104230 1279 1279
104238 1279 1279
104246 1279 1279
104254 1279 1279
104262 1279 1279
104271 1279 1279
104279 1279 1279
104287 1279 1279
104295 1279 1279
104303 1279 1279
104312 1279 1279
104320 1279 1279
104328 1279 1279
104336 1279 1279
104344 1279 1279
104353 1279 1279
104361 1279 1279
104369 1279 1279
104377 1279 1279
104386 1279 1279
104394 1279 1279
104402 1279 1279
104410 1279 1279
104418 1279 1279
104427 1279 1279
104435 1279 1279
104443 1279 1279
104451 1279 1279
104459 1279 1279
104468 1279 1279
104476 1279 1279
104484 1279 1279
104492 1279 1279
104500 1279 1279
104509 1279 1279
104517 1279 1279
104525 1279 1279
104533 1279 1279
104541 1279 1279
104550 1279 1279
104558 1279 1279
104566 1279 1279
104574 1279 1279
104582 1279 1279
104591 1279 1279
104599 1279 1279
104607 1279 1279
104615 1279 1279
104624 1279 1279
104632 1279 1279
104640 1279 1279
104648 1279 1279
104656 1279 1279
104665 1279 1279
104673 1279 1279
104681 1279 1279
104689 1279 1279
104697 1279 1279
104706 1279 1279
104714 1279 1279
104722 1279 1279
104730 1279 1279
104738 1279 1279
104747 1279 1279
104755 1279 1279
104763 1279 1279
104771 1279 1279
104779 1279 1279
104788 1279 1279
104796 1279 1279
104804 1279 1279
104812 1279 1279
104820 1279 1279
104829 1279 1279
104837 1279 1279
104845 1279 1279
104853 1279 1279
104861 1279 1279
104870 1279 1279
104878 1279 1279
104886 1279 1279
104894 1279 1279
104902 1279 1279
104911 1279 1279
104919 1279 1279
104927 1279 1279
104935 1279 1279
104943 1279 1279
104952 1279 1279
104960 1279 1279
104968 1279 1279
104976 1279 1279
104984 1279 1279
104993 1279 1279
105001 1279 1279
105009 1279 1279
105017 1279 1279
105026 1279 1279
105034 1279 1279
105042 1279 1279
105050 1279 1279
105058 1279 1279
105067 1279 1279
105075 1279 1279
105083 1279 1279
105091 1279 1279
105099 1279 1279
105108 1279 1279
105116 1279 1279
105124 1279 1279
105132 1279 1279
105140 1279 1279
105149 1279 1279
105157 1279 1279
105165 1279 1279
105173 1279 1279
105181 1279 1279
105190 1279 1279
105198 1279 1279
105206 1279 1279
105214 1279 1279
105222 1279 1279
105231 1279 1279
105239 1279 1279
105247 1279 1279
105255 1279 1279
105263 1279 1279
105272 1279 1279
105280 1279 1279
105288 1279 1279
105296 1279 1279
105305 1279 1279
105313 1279 1279
105321 1279 1279
105329 1279 1279
105337 1279 1279
105346 1279 1279
105354 1279 1279
105362 1279 1279
105370 1279 1279
105378 1279 1279
105387 1279 1279
105395 1279 1279
105403 1279 1279
105411 1279 1279
105419 1279 1279
105428 1279 1279
105436 1279 1279
105444 1279 1279
105452 1279 1279
105460 1279 1279
105468 1279 1279
105476 1279 1279
105484 1279 1279
105492 1279 1279
105500 1279 1279
105508 1279 1279
105516 1279 1279
105524 1279 1279
105531 1279 1279
105539 1279 1279
105548 1279 1279
105556 1279 1279
105563 1279 1279
105571 1279 1279
105579 1279 1279
105587 1279 1279
105595 1279 1279
105603 1279 1279
105610 1279 1279
105618 1279 1279
105626 1279 1279
105634 1279 1279
105642 1279 1279
105649 1279 1279
105657 1279 1279
105665 1279 1279
105673 1279 1279
105680 1279 1279
105688 1279 1279
105696 1279 1279
105703 1279 1279
105711 1279 1279
105719 1279 1279
105726 1279 1279
105734 1279 1279
105742 1279 1279
105750 1279 1279
105758 1279 1279
105766 1279 1279
105774 1279 1279
105782 1279 1279
105790 1279 1279
105798 1279 1279
105806 1279 1279
105814 1279 1279
105822 1279 1279
105830 1279 1279
105838 1279 1279
105846 1279 1279
105854 1279 1279
105862 1279 1279
105870 1279 1279
105878 1279 1279
105886 1279 1279
105894 1279 1279
105902 1279 1279
105910 1279 1279
105918 1279 1279
105925 1279 1279
105934 1279 1279
105941 1279 1279
105949 1279 1279
105957 1279 1279
105965 1279 1279
105973 1279 1279
105981 1279 1279
105989 1279 1279
105997 1279 1279
106005 1279 1279
106013 1279 1279
106020 1279 1279
106028 1279 1279
106036 1279 1279
106044 1279 1279
106052 1279 1279
106060 1279 1279
106067 1279 1279
106075 1279 1279
106083 1279 1279
106091 1279 1279
106099 1279 1279
106107 1279 1279
106115 1279 1279
106123 1279 1279
106131 1279 1279
106139 1279 1279
106146 1279 1279
106154 1279 1279
106163 1279 1279
106171 1279 1279
106179 1279 1279
106187 1279 1279
106195 1279 1279
106203 1279 1279
106211 1279 1279
106219 1279 1279
106227 1279 1279
106235 1279 1279
106243 1279 1279
106251 1279 1279
106259 1279 1279
106266 1279 1279
106274 1279 1279
106283 1279 1279
106290 1279 1279
106298 1279 1279
106306 1279 1279
106314 1279 1279
106322 1279 1279
106330 1279 1279
106338 1279 1279
106346 1279 1279
106354 1279 1279
106362 1279 1279
106370 1279 1279
106378 1279 1279
106387 1279 1279
106395 1279 1279
106403 1279 1279
106411 1279 1279
106419 1279 1279
106428 1279 1279
106436 1279 1279
106444 1279 1279
106452 1279 1279
106460 1279 1279
106468 1279 1279
106476 1279 1279
106485 1279 1279
106493 1279 1279
106501 1279 1279
106509 1279 1279
106517 1279 1279
106526 1279 1279
106534 1279 1279
106542 1279 1279
106550 1279 1279
106558 1279 1279
106567 1279 1279
106575 1279 1279
106583 1279 1279
106591 1279 1279
106599 1279 1279
106608 1279 1279
106616 1279 1279
106624 1279 1279
106632 1279 1279
106640 1279 1279
106649 1279 1279
106657 1279 1279
106665 1279 1279
106673 1279 1279
106682 1279 1279
106690 1279 1279
106698 1279 1279
106706 1279 1279
106714 1279 1279
106723 1279 1279
106731 1279 1279
106739 1279 1279
106747 1279 1279
106755 1279 1279
106763 1279 1279
106771 1279 1279
106779 1279 1279
106788 1279 1279
106796 1279 1279
106804 1279 1279
106812 1279 1279
106820 1279 1279
106829 1279 1279
106837 1279 1279
106845 1279 1279
106853 1279 1279
106861 1279 1279
106870 1279 1279
106878 1279 1279
106886 1279 1279
106894 1279 1279
106902 1279 1279
106911 1279 1279
106919 1279 1279
106927 1279 1279
106935 1279 1279
106943 1279 1279
106952 1279 1279
106960 1279 1279
106968 1279 1279
106976 1279 1279
106984 1279 1279
106993 1279 1279
107001 1279 1279
107009 1279 1279
107017 1279 1279
107025 1279 1279
107033 1279 1279
107042 1279 1279
107050 1279 1279
107058 1279 1279
107066 1279 1279
107074 1279 1279
107083 1279 1279
107091 1279 1279
107099 1279 1279
107107 1279 1279
107115 1279 1279
107124 1279 1279
107132 1279 1279
107140 1279 1279
107148 1279 1279
107156 1279 1279
107165 1279 1279
107173 1279 1279
107181 1279 1279
107189 1279 1279
107197 1279 1279
107206 1279 1279
107214 1279 1279
107222 1279 1279
107230 1279 1279
107239 1279 1279
107247 1279 1279
107255 1279 1279
107263 1279 1279
107271 1279 1279
107280 1279 1279
107288 1279 1279
107296 1279 1279
107304 1279 1279
107312 1279 1279
107321 1279 1279
107329 1279 1279
107337 1279 1279
107345 1279 1279
107353 1279 1279
107362 1279 1279
107370 1279 1279
107378 1279 1279
107386 1279 1279
107394 1279 1279
107403 1279 1279
107411 1279 1279
107419 1279 1279
107427 1279 1279
107435 1279 1279
107443 1279 1279
107452 1279 1279
107460 1279 1279
107468 1279 1279
107476 1279 1279
107484 1279 1279
107493 1279 1279
107501 1279 1279
107509 1279 1279
107517 1279 1279
107526 1279 1279
107534 1279 1279
107542 1279 1279
107550 1279 1279
107558 1279 1279
107567 1279 1279
107575 1279 1279
107583 1279 1279
107591 1279 1279
107599 1279 1279
107608 1279 1279
107616 1279 1279
107624 1279 1279
107632 1279 1279
107640 1279 1279
107649 1279 1279
107657 1279 1279
107665 1279 1279
107673 1279 1279
107681 1279 1279
107690 1279 1279
107698 1279 1279
107706 1279 1279
107714 1279 1279
107722 1279 1279
107731 1279 1279
107739 1279 1279
107747 1279 1279
107755 1279 1279
107763 1279 1279
107772 1279 1279
107780 1279 1279
107788 1279 1279
107796 1279 1279
107804 1279 1279
107813 1279 1279
107821 1279 1279
107829 1279 1279
107837 1279 1279
107845 1279 1279
107854 1279 1279
107862 1279 1279
107870 1279 1279
107878 1279 1279
107886 1279 1279
107895 1279 1279
107903 1279 1279
107911 1279 1279
107919 1279 1279
107928 1279 1279
107936 1279 1279
107944 1279 1279
107952 1279 1279
107960 1279 1279
107969 1279 1279
107977 1279 1279
107985 1279 1279
107993 1279 1279
108001 1279 1279
108010 1279 1279
108018 1279 1279
108026 1279 1279
108034 1279 1279
108042 1279 1279
108051 1279 1279
108059 1279 1279
108067 1279 1279
108075 1279 1279
108083 1279 1279
108092 1279 1279
108100 1279 1279
108108 1279 1279
108116 1279 1279
108124 1279 1279
108133 1279 1279
108141 1279 1279
108149 1279 1279
108157 1279 1279
108165 1279 1279
108174 1279 1279
108182 1279 1279
108190 1279 1279
108198 1279 1279
108206 1279 1279
108215 1279 1279
108223 1279 1279
108231 1279 1279
108239 1279 1279
108247 1279 1279
108256 1279 1279
108264 1279 1279
108272 1279 1279
108280 1279 1279
108288 1279 1279
108297 1279 1279
108305 1279 1279
108313 1279 1279
108321 1279 1279
108329 1279 1279
108338 1279 1279
108346 1279 1279
108354 1279 1279
108362 1279 1279
108370 1279 1279
108379 1279 1279
108387 1279 1279
108395 1279 1279
108403 1279 1279
108411 1279 1279
108420 1279 1279
108428 1279 1279
108436 1279 1279
108444 1279 1279
108452 1279 1279
108461 1279 1279
108469 1279 1279
108477 1279 1279
108485 1279 1279
108493 1279 1279
108502 1279 1279
108510 1279 1279
108518 1279 1279
108526 1279 1279
108534 1279 1279
108543 1279 1279
108551 1279 1279
108559 1279 1279
108567 1279 1279
108575 1279 1279
108583 1279 1279
108591 1279 1279
108599 1279 1279
108607 1279 1279
108615 1279 1279
108623 1279 1279
108631 1279 1279
108639 1279 1279
108647 1279 1279
108655 1279 1279
108663 1279 1279
108671 1279 1279
108679 1279 1279
108688 1279 1279
108696 1279 1279
108704 1279 1279
108712 1279 1279
108720 1279 1279
108729 1279 1279
108737 1279 1279
108745 1279 1279
108753 1279 1279
108761 1279 1279
108770 1279 1279
108778 1279 1279
108786 1279 1279
108794 1279 1279
108802 1279 1279
108811 1279 1279
108819 1279 1279
108827 1279 1279
108835 1279 1279
108843 1279 1279
108852 1279 1279
108860 1279 1279
108868 1279 1279
108876 1279 1279
108884 1279 1279
108893 1279 1279
108901 1279 1279
108909 1279 1279
108917 1279 1279
108925 1279 1279
108934 1279 1279
108942 1279 1279
108950 1279 1279
108958 1279 1279
108966 1279 1279
108975 1279 1279
108983 1279 1279
108991 1279 1279
108999 1279 1279
109007 1279 1279
109016 1279 1279
109024 1279 1279
109032 1279 1279
109040 1279 1279
109048 1279 1279
109057 1279 1279
109065 1279 1279
109073 1279 1279
109081 1279 1279
109089 1279 1279
109098 1279 1279
109106 1279 1279
109114 1279 1279
109122 1279 1279
109130 1279 1279
109139 1279 1279
109147 1279 1279
109155 1279 1279
109163 1279 1279
109171 1279 1279
109180 1279 1279
109188 1279 1279
109196 1279 1279
109204 1279 1279
109212 1279 1279
109221 1279 1279
109229 1279 1279
109237 1279 1279
109245 1279 1279
109253 1279 1279
109262 1279 1279
109270 1279 1279
109278 1279 1279
109286 1279 1279
109294 1279 1279
109303 1279 1279
109311 1279 1279
109319 1279 1279
109327 1279 1279
109335 1279 1279
109344 1279 1279
109352 1279 1279
109360 1279 1279
109368 1279 1279
109376 1279 1279
109385 1279 1279
109393 1279 1279
109401 1279 1279
109409 1279 1279
109418 1279 1279
109426 1279 1279
109434 1279 1279
109442 1279 1279
109450 1279 1279
109459 1279 1279
109467 1279 1279
109475 1279 1279
109483 1279 1279
109491 1279 1279
109500 1279 1279
109508 1279 1279
109516 1279 1279
109524 1279 1279
109532 1279 1279
109541 1279 1279
109549 1279 1279
109557 1279 1279
109565 1279 1279
109573 1279 1279
109582 1279 1279
109590 1279 1279
109598 1279 1279
109606 1279 1279
109615 1279 1279
109623 1279 1279
109631 1279 1279
109639 1279 1279
109647 1279 1279
109656 1279 1279
109664 1279 1279
109672 1279 1279
109680 1279 1279
109689 1279 1279
109697 1279 1279
109705 1279 1279
109713 1279 1279
109721 1279 1279
109730 1279 1279
109738 1279 1279
109746 1279 1279
109754 1279 1279
109762 1279 1279
109771 1279 1279
109779 1279 1279
109787 1279 1279
109795 1279 1279
109803 1279 1279
109812 1279 1279
109820 1279 1279
109828 1279 1279
109836 1279 1279
109844 1279 1279
109853 1279 1279
109861 1279 1279
109869 1279 1279
109877 1279 1279
109885 1279 1279
109894 1279 1279
109902 1279 1279
109910 1279 1279
109918 1279 1279
109926 1279 1279
109935 1279 1279
109943 1279 1279
109951 1279 1279
109959 1279 1279
109967 1279 1279
109976 1279 1279
109984 1279 1279
109992 1279 1279
110000 1279 1279
110008 1279 1279
110017 1279 1279
110025 1279 1279
110033 1279 1279
110041 1279 1279
110049 1279 1279
110058 1279 1279
110066 1279 1279
110074 1279 1279
110082 1279 1279
110090 1279 1279
110098 1279 1279
110107 1279 1279
110115 1279 1279
110123 1279 1279
110131 1279 1279
110139 1279 1279
110148 1279 1279
110156 1279 1279
110164 1279 1279
110172 1279 1279
110180 1279 1279
110189 1279 1279
110197 1279 1279
110205 1279 1279
110213 1279 1279
110221 1279 1279
110230 1279 1279
110238 1279 1279
110246 1279 1279
110254 1279 1279
110263 1279 1279
110271 1279 1279
110279 1279 1279
110287 1279 1279
110295 1279 1279
110304 1279 1279
110312 1279 1279
110320 1279 1279
110328 1279 1279
110336 1279 1279
110345 1279 1279
110353 1279 1279
110361 1279 1279
110369 1279 1279
110377 1279 1279
110386 1279 1279
110394 1279 1279
110402 1279 1279
110410 1279 1279
110418 1279 1279
110427 1279 1279
110435 1279 1279
110443 1279 1279
110451 1279 1279
110459 1279 1279
110468 1279 1279
110476 1279 1279
110484 1279 1279
110492 1279 1279
110500 1279 1279
110509 1279 1279
110517 1279 1279
110525 1279 1279
110533 1279 1279
110541 1279 1279
110550 1279 1279
110558 1279 1279
110566 1279 1279
110574 1279 1279
110582 1279 1279
110591 1279 1279
110599 1279 1279
110607 1279 1279
110615 1279 1279
110623 1279 1279
110632 1279 1279
110640 1279 1279
110648 1279 1279
110656 1279 1279
110664 1279 1279
110673 1279 1279
110681 1279 1279
110689 1279 1279
110697 1279 1279
110706 1279 1279
110714 1279 1279
110722 1279 1279
110730 1279 1279
110738 1279 1279
110747 1279 1279
110755 1279 1279
110763 1279 1279
110771 1279 1279
110779 1279 1279
110788 1279 1279
110796 1279 1279
110804 1279 1279
110812 1279 1279
110820 1279 1279
110829 1279 1279
110837 1279 1279
110845 1279 1279
110853 1279 1279
110861 1279 1279
110870 1279 1279
110878 1279 1279
110886 1279 1279
110894 1279 1279
110902 1279 1279
110911 1279 1279
110919 1279 1279
110927 1279 1279
110935 1279 1279
110943 1279 1279
110952 1279 1279
110960 1279 1279
110968 1279 1279
110976 1279 1279
110984 1279 1279
110993 1279 1279
111001 1279 1279
111009 1279 1279
111017 1279 1279
111025 1279 1279
111034 1279 1279
111042 1279 1279
111050 1279 1279
111058 1279 1279
111066 1279 1279
111075 1279 1279
111083 1279 1279
111091 1279 1279
111099 1279 1279
111107 1279 1279
111116 1279 1279
111124 1279 1279
111132 1279 1279
111140 1279 1279
111148 1279 1279
111157 1279 1279
111165 1279 1279
111173 1279 1279
111181 1279 1279
111189 1279 1279
111198 1279 1279
111206 1279 1279
111214 1279 1279
111222 1279 1279
111231 1279 1279
111239 1279 1279
111247 1279 1279
111255 1279 1279
111263 1279 1279
111272 1279 1279
111280 1279 1279
111288 1279 1279
111296 1279 1279
111304 1279 1279
111313 1279 1279
111321 1279 1279
111329 1279 1279
111337 1279 1279
111345 1279 1279
111354 1279 1279
111362 1279 1279
111370 1279 1279
111378 1279 1279
111386 1279 1279
111395 1279 1279
111403 1279 1279
111411 1279 1279
111419 1279 1279
111427 1279 1279
111436 1279 1279
111444 1279 1279
111452 1279 1279
111460 1279 1279
111468 1279 1279
111477 1279 1279
111485 1279 1279
111493 1279 1279
111501 1279 1279
111509 1279 1279
111518 1279 1279
111526 1279 1279
111534 1279 1279
111542 1279 1279
111550 1279 1279
111559 1279 1279
111567 1279 1279
111575 1279 1279
111583 1279 1279
111591 1279 1279
111600 1279 1279
111608 1279 1279
111616 1279 1279
111624 1279 1279
111632 1279 1279
111641 1279 1279
111649 1279 1279
111657 1279 1279
111665 1279 1279
111673 1279 1279
111682 1279 1279
111690 1279 1279
111698 1279 1279
111706 1279 1279
111715 1279 1279
111723 1279 1279
111731 1279 1279
111739 1279 1279
111747 1279 1279
111756 1279 1279
111764 1279 1279
111772 1279 1279
111780 1279 1279
111788 1279 1279
111797 1279 1279
111805 1279 1279
111813 1279 1279
111821 1279 1279
111829 1279 1279
111838 1279 1279
111846 1279 1279
111854 1279 1279
111862 1279 1279
111870 1279 1279
111879 1279 1279
111887 1279 1279
111895 1279 1279
111903 1279 1279
111911 1279 1279
111919 1279 1279
111928 1279 1279
111936 1279 1279
111944 1279 1279
111952 1279 1279
111960 1279 1279
111969 1279 1279
111977 1279 1279
111985 1279 1279
111994 1279 1279
112002 1279 1279
112010 1279 1279
112018 1279 1279
112026 1279 1279
112035 1279 1279
112043 1279 1279
112051 1279 1279
112059 1279 1279
112067 1279 1279
112076 1279 1279
112084 1279 1279
112092 1279 1279
112100 1279 1279
112108 1279 1279
112117 1279 1279
112125 1279 1279
112133 1279 1279
112141 1279 1279
112149 1279 1279
112158 1279 1279
112166 1279 1279
112174 1279 1279
112182 1279 1279
112190 1279 1279
112198 1279 1279
112207 1279 1279
112215 1279 1279
112223 1279 1279
112231 1279 1279
112239 1279 1279
112248 1279 1279
112256 1279 1279
112264 1279 1279
112272 1279 1279
112280 1279 1279
112289 1279 1279
112297 1279 1279
112305 1279 1279
112313 1279 1279
112321 1279 1279
112329 1279 1279
112338 1279 1279
112346 1279 1279
112354 1279 1279
112362 1279 1279
112370 1279 1279
112379 1279 1279
112387 1279 1279
112395 1279 1279
112403 1279 1279
112410 1279 1279
112419 1279 1279
112427 1279 1279
112435 1279 1279
112443 1279 1279
112450 1279 1279
112459 1279 1279
112467 1279 1279
112474 1279 1279
112482 1279 1279
112490 1279 1279
112498 1279 1279
112506 1279 1279
112514 1279 1279
112522 1279 1279
112530 1279 1279
112538 1279 1279
112546 1279 1279
112554 1279 1279
112562 1279 1279
112570 1279 1279
112578 1279 1279
112586 1279 1279
112593 1279 1279
112601 1279 1279
112609 1279 1279
112617 1279 1279
112625 1279 1279
112633 1279 1279
112640 1279 1279
112648 1279 1279
112656 1279 1279
112664 1279 1279
112672 1279 1279
112680 1279 1279
112688 1279 1279
112696 1279 1279
112705 1279 1279
112713 1279 1279
112721 1279 1279
112729 1279 1279
112737 1279 1279
112746 1279 1279
112754 1279 1279
112762 1279 1279
112770 1279 1279
112778 1279 1279
112787 1279 1279
112795 1279 1279
112803 1279 1279
112811 1279 1279
112819 1279 1279
112828 1279 1279
112836 1279 1279
112844 1279 1279
112852 1279 1279
112860 1279 1279
112869 1279 1279
112877 1279 1279
112885 1279 1279
112893 1279 1279
112901 1279 1279
112910 1279 1279
112918 1279 1279
112926 1279 1279
112934 1279 1279
112942 1279 1279
112951 1279 1279
112959 1279 1279
112967 1279 1279
112975 1279 1279
112983 1279 1279
112991 1279 1279
113000 1279 1279
113008 1279 1279
113016 1279 1279
113024 1279 1279
113032 1279 1279
113041 1279 1279
113049 1279 1279
113057 1279 1279
113065 1279 1279
113073 1279 1279
113081 1279 1279
113090 1279 1279
113098 1279 1279
113106 1279 1279
113114 1279 1279
113123 1279 1279
113131 1279 1279
113139 1279 1279
113147 1279 1279
113155 1279 1279
113164 1279 1279
113172 1279 1279
113180 1279 1279
113188 1279 1279
113196 1279 1279
113205 1279 1279
113213 1279 1279
113221 1279 1279
113229 1279 1279
113237 1279 1279
113246 1279 1279
113254 1279 1279
113262 1279 1279
113270 1279 1279
113278 1279 1279
113286 1279 1279
113295 1279 1279
113303 1279 1279
113311 1279 1279
113319 1279 1279
113328 1279 1279
113336 1279 1279
113344 1279 1279
113352 1279 1279
113360 1279 1279
113369 1279 1279
113377 1279 1279
113385 1279 1279
113393 1279 1279
113401 1279 1279
113410 1279 1279
113418 1279 1279
113426 1279 1279
113434 1279 1279
113442 1279 1279
113451 1279 1279
113459 1279 1279
113467 1279 1279
113475 1279 1279
113483 1279 1279
113492 1279 1279
113500 1279 1279
113508 1279 1279
113516 1279 1279
113524 1279 1279
113533 1279 1279
113541 1279 1279
113549 1279 1279
113557 1279 1279
113565 1279 1279
113574 1279 1279
113582 1279 1279
113590 1279 1279
113598 1279 1279
113607 1279 1279
113615 1279 1279
113623 1279 1279
113631 1279 1279
113639 1279 1279
113648 1279 1279
113656 1279 1279
113664 1279 1279
113672 1279 1279
113680 1279 1279
113689 1279 1279
113697 1279 1279
113705 1279 1279
113713 1279 1279
113721 1279 1279
113730 1279 1279
113738 1279 1279
113746 1279 1279
113754 1279 1279
113762 1279 1279
113771 1279 1279
113779 1279 1279
113787 1279 1279
113795 1279 1279
113803 1279 1279
113812 1279 1279
113820 1279 1279
113828 1279 1279
113836 1279 1279
113844 1279 1279
113853 1279 1279
113861 1279 1279
113869 1279 1279
113877 1279 1279
113885 1279 1279
113894 1279 1279
113902 1279 1279
113910 1279 1279
113918 1279 1279
113926 1279 1279
113935 1279 1279
113943 1279 1279
113951 1279 1279
113959 1279 1279
113967 1279 1279
113976 1279 1279
113984 1279 1279
113992 1279 1279
114000 1279 1279
114009 1279 1279
114017 1279 1279
114025 1279 1279
114033 1279 1279
114041 1279 1279
114050 1279 1279
114058 1279 1279
114066 1279 1279
114074 1279 1279
114082 1279 1279
114091 1279 1279
114099 1279 1279
114107 1279 1279
114115 1279 1279
114123 1279 1279
114132 1279 1279
114140 1279 1279
114148 1279 1279
114156 1279 1279
114164 1279 1279
114173 1279 1279
114181 1279 1279
114189 1279 1279
114197 1279 1279
114205 1279 1279
114214 1279 1279
114222 1279 1279
114230 1279 1279
114238 1279 1279
114246 1279 1279
114255 1279 1279
114263 1279 1279
114271 1279 1279
114279 1279 1279
114287 1279 1279
114296 1279 1279
114304 1279 1279
114312 1279 1279
114320 1279 1279
114328 1279 1279
114337 1279 1279
114345 1279 1279
114353 1279 1279
114361 1279 1279
114369 1279 1279
114378 1279 1279
114386 1279 1279
114394 1279 1279
114402 1279 1279
114411 1279 1279
114419 1279 1279
114427 1279 1279
114435 1279 1279
114443 1279 1279
114452 1279 1279
114460 1279 1279
114468 1279 1279
114476 1279 1279
114484 1279 1279
114493 1279 1279
114501 1279 1279
114509 1279 1279
114517 1279 1279
114525 1279 1279
114534 1279 1279
114542 1279 1279
114550 1279 1279
114558 1279 1279
114566 1279 1279
114574 1279 1279
114582 1279 1279
114590 1279 1279
114599 1279 1279
114607 1279 1279
114615 1279 1279
114623 1279 1279
114631 1279 1279
114640 1279 1279
114648 1279 1279
114656 1279 1279
114664 1279 1279
114672 1279 1279
114681 1279 1279
114689 1279 1279
114697 1279 1279
114705 1279 1279
114713 1279 1279
114722 1279 1279
114730 1279 1279
114738 1279 1279
114746 1279 1279
114754 1279 1279
114763 1279 1279
114771 1279 1279
114779 1279 1279
114787 1279 1279
114795 1279 1279
114804 1279 1279
114812 1279 1279
114820 1279 1279
114828 1279 1279
114836 1279 1279
114845 1279 1279
114853 1279 1279
114861 1279 1279
114869 1279 1279
114877 1279 1279
114886 1279 1279
114894 1279 1279
114902 1279 1279
114910 1279 1279
114918 1279 1279
114927 1279 1279
114935 1279 1279
114943 1279 1279
114951 1279 1279
114959 1279 1279
114968 1279 1279
114976 1279 1279
114984 1279 1279
114992 1279 1279
115000 1279 1279
115008 1279 1279
115017 1279 1279
115025 1279 1279
115033 1279 1279
115041 1279 1279
115049 1279 1279
115058 1279 1279
115066 1279 1279
115074 1279 1279
115082 1279 1279
115090 1279 1279
115099 1279 1279
115107 1279 1279
115115 1279 1279
115123 1279 1279
115131 1279 1279
115140 1279 1279
115148 1279 1279
115156 1279 1279
115164 1279 1279
115172 1279 1279
115181 1279 1279
115189 1279 1279
115197 1279 1279
115205 1279 1279
115213 1279 1279
115222 1279 1279
115230 1279 1279
115238 1279 1279
115246 1279 1279
115254 1279 1279
115263 1279 1279
115271 1279 1279
115279 1279 1279
115287 1279 1279
115295 1279 1279
115304 1279 1279
115312 1279 1279
115320 1279 1279
115328 1279 1279
115336 1279 1279
115345 1279 1279
115353 1279 1279
115361 1279 1279
115369 1279 1279
115377 1279 1279
115386 1279 1279
115394 1279 1279
115402 1279 1279
115410 1279 1279
115418 1279 1279
115426 1279 1279
115434 1279 1279
115442 1279 1279
115450 1279 1279
115458 1279 1279
115465 1279 1279
115473 1279 1279
115481 1279 1279
115490 1279 1279
115498 1279 1279
115506 1279 1279
115513 1279 1279
115521 1279 1279
115529 1279 1279
115537 1279 1279
115546 1279 1279
115554 1279 1279
115561 1279 1279
115570 1279 1279
115578 1279 1279
115586 1279 1279
115593 1279 1279
115601 1279 1279
115609 1279 1279
115618 1279 1279
115626 1279 1279
115634 1279 1279
115642 1279 1279
115650 1279 1279
115658 1279 1279
115666 1279 1279
115674 1279 1279
115682 1279 1279
115690 1279 1279
115698 1279 1279
115706 1279 1279
115714 1279 1279
115722 1279 1279
115730 1279 1279
115738 1279 1279
115746 1279 1279
115754 1279 1279
115762 1279 1279
115770 1279 1279
115778 1279 1279
115786 1279 1279
115794 1279 1279
115802 1279 1279
115810 1279 1279
115818 1279 1279
115826 1279 1279
115834 1279 1279
115842 1279 1279
115850 1279 1279
115858 1279 1279
115866 1279 1279
115874 1279 1279
115882 1279 1279
115890 1279 1279
115898 1279 1279
115907 1279 1279
115915 1279 1279
115923 1279 1279
115931 1279 1279
115939 1279 1279
115948 1279 1279
115956 1279 1279
115964 1279 1279
115972 1279 1279
115981 1279 1279
115989 1279 1279
115997 1279 1279
116005 1279 1279
116013 1279 1279
116022 1279 1279
116030 1279 1279
116038 1279 1279
116046 1279 1279
116054 1279 1279
116063 1279 1279
116071 1279 1279
116079 1279 1279
116087 1279 1279
116095 1279 1279
116104 1279 1279
116112 1279 1279
116120 1279 1279
116128 1279 1279
116136 1279 1279
116145 1279 1279
116153 1279 1279
116161 1279 1279
116169 1279 1279
116177 1279 1279
116186 1279 1279
116194 1279 1279
116202 1279 1279
116210 1279 1279
116218 1279 1279
116227 1279 1279
116235 1279 1279
116243 1279 1279
116251 1279 1279
116259 1279 1279
116268 1279 1279
116276 1279 1279
116284 1279 1279
116292 1279 1279
116300 1279 1279
116309 1279 1279
116317 1279 1279
116325 1279 1279
116333 1279 1279
116341 1279 1279
116350 1279 1279
116358 1279 1279
116366 1279 1279
116374 1279 1279
116382 1279 1279
116391 1279 1279
116399 1279 1279
116407 1279 1279
116415 1279 1279
116423 1279 1279
116432 1279 1279
116440 1279 1279
116448 1279 1279
116456 1279 1279
116464 1279 1279
116473 1279 1279
116481 1279 1279
116489 1279 1279
116497 1279 1279
116505 1279 1279
116513 1279 1279
116522 1279 1279
116530 1279 1279
116538 1279 1279
116546 1279 1279
116555 1279 1279
116563 1279 1279
116571 1279 1279
116579 1279 1279
116587 1279 1279
116596 1279 1279
116604 1279 1279
116612 1279 1279
116620 1279 1279
116628 1279 1279
116636 1279 1279
116645 1279 1279
116653 1279 1279
116661 1279 1279
116669 1279 1279
116678 1279 1279
116686 1279 1279
116694 1279 1279
116702 1279 1279
116710 1279 1279
116719 1279 1279
116727 1279 1279
116735 1279 1279
116743 1279 1279
116751 1279 1279
116759 1279 1279
116768 1279 1279
116776 1279 1279
116784 1279 1279
116792 1279 1279
116800 1279 1279
116808 1279 1279
116816 1279 1279
116824 1279 1279
116832 1279 1279
116840 1279 1279
116848 1279 1279
116856 1279 1279
116864 1279 1279
116872 1279 1279
116880 1279 1279
116888 1279 1279
116896 1279 1279
116904 1279 1279
116912 1279 1279
116921 1279 1279
116929 1279 1279
116937 1279 1279
116945 1279 1279
116953 1279 1279
116962 1279 1279
116970 1279 1279
116978 1279 1279
116986 1279 1279
116994 1279 1279
117002 1279 1279
117010 1279 1279
117018 1279 1279
117026 1279 1279
117035 1279 1279
117043 1279 1279
117051 1279 1279
117059 1279 1279
117067 1279 1279
117076 1279 1279
117084 1279 1279
117092 1279 1279
117100 1279 1279
117108 1279 1279
117117 1279 1279
117125 1279 1279
117133 1279 1279
117141 1279 1279
117149 1279 1279
117158 1279 1279
117166 1279 1279
117174 1279 1279
117182 1279 1279
117190 1279 1279
117199 1279 1279
117207 1279 1279
117215 1279 1279
117223 1279 1279
117231 1279 1279
117240 1279 1279
117248 1279 1279
117256 1279 1279
117264 1279 1279
117272 1279 1279
117281 1279 1279
117289 1279 1279
117297 1279 1279
117305 1279 1279
117314 1279 1279
117322 1279 1279
117330 1279 1279
117338 1279 1279
117346 1279 1279
117355 1279 1279
117363 1279 1279
117371 1279 1279
117379 1279 1279
117387 1279 1279
117395 1279 1279
117404 1279 1279
117412 1279 1279
117420 1279 1279
117428 1279 1279
117437 1279 1279
117445 1279 1279
117453 1279 1279
117461 1279 1279
117469 1279 1279
117477 1279 1279
117485 1279 1279
117494 1279 1279
117502 1279 1279
117510 1279 1279
117518 1279 1279
117526 1279 1279
117535 1279 1279
117543 1279 1279
117551 1279 1279
117559 1279 1279
117567 1279 1279
117576 1279 1279
117584 1279 1279
117592 1279 1279
117600 1279 1279
117608 1279 1279
117617 1279 1279
117625 1279 1279
117633 1279 1279
117641 1279 1279
117649 1279 1279
117658 1279 1279
117666 1279 1279
117674 1279 1279
117682 1279 1279
117690 1279 1279
117699 1279 1279
117707 1279 1279
117715 1279 1279
117723 1279 1279
117731 1279 1279
117740 1279 1279
117748 1279 1279
117756 1279 1279
117764 1279 1279
117772 1279 1279
117780 1279 1279
117788 1279 1279
117797 1279 1279
117805 1279 1279
117813 1279 1279
117821 1279 1279
117829 1279 1279
117838 1279 1279
117846 1279 1279
117854 1279 1279
117862 1279 1279
117870 1279 1279
117879 1279 1279
117887 1279 1279
117895 1279 1279
117903 1279 1279
117912 1279 1279
117920 1279 1279
117928 1279 1279
117936 1279 1279
117944 1279 1279
117953 1279 1279
117961 1279 1279
117969 1279 1279
117977 1279 1279
117985 1279 1279
117994 1279 1279
118002 1279 1279
118010 1279 1279
118018 1279 1279
118026 1279 1279
118035 1279 1279
118043 1279 1279
118051 1279 1279
118059 1279 1279
118067 1279 1279
118076 1279 1279
118084 1279 1279
118092 1279 1279
118100 1279 1279
118109 1279 1279
118117 1279 1279
118125 1279 1279
118133 1279 1279
118141 1279 1279
118150 1279 1279
118158 1279 1279
118166 1279 1279
118174 1279 1279
118182 1279 1279
118191 1279 1279
118199 1279 1279
118207 1279 1279
118215 1279 1279
118223 1279 1279
118232 1279 1279
118240 1279 1279
118248 1279 1279
118256 1279 1279
118264 1279 1279
118273 1279 1279
118281 1279 1279
118289 1279 1279
118297 1279 1279
118305 1279 1279
118314 1279 1279
118322 1279 1279
118330 1279 1279
118338 1279 1279
118346 1279 1279
118355 1279 1279
118363 1279 1279
118371 1279 1279
118379 1279 1279
118387 1279 1279
118396 1279 1279
118404 1279 1279
118412 1279 1279
118420 1279 1279
118428 1279 1279
118437 1279 1279
118445 1279 1279
118453 1279 1279
118461 1279 1279
118469 1279 1279
118478 1279 1279
118486 1279 1279
118494 1279 1279
118502 1279 1279
118510 1279 1279
118519 1279 1279
118527 1279 1279
118535 1279 1279
118543 1279 1279
118551 1279 1279
118560 1279 1279
118568 1279 1279
118576 1279 1279
118584 1279 1279
118592 1279 1279
118601 1279 1279
118609 1279 1279
118617 1279 1279
118625 1279 1279
118633 1279 1279
118642 1279 1279
118650 1279 1279
118658 1279 1279
118666 1279 1279
118674 1279 1279
118683 1279 1279
118691 1279 1279
118699 1279 1279
118707 1279 1279
118715 1279 1279
118724 1279 1279
118732 1279 1279
118740 1279 1279
118748 1277 1279
118756 1279 1279
118765 1279 1279
118773 1279 1279
118781 1279 1279
118789 1279 1279
118797 1279 1279
118806 1279 1279
118814 1279 1279
118822 1279 1279
118830 1279 1279
118839 1279 1279
118847 1279 1279
118855 1279 1279
118863 1279 1279
118871 1279 1279
118880 1279 1279
118888 1279 1279
118896 1279 1279
118904 1279 1279
118912 1279 1279
118921 1279 1279
118929 1279 1279
118937 1279 1279
118945 1279 1279
118953 1279 1279
118962 1279 1279
118970 1279 1279
118978 1279 1279
118986 1279 1279
118994 1279 1279
119003 1279 1279
119011 1279 1279
119019 1279 1279
119027 1279 1279
119035 1279 1279
119044 1279 1279
119052 1279 1279
119060 1279 1279
119068 1279 1279
119076 1279 1279
119085 1279 1279
119093 1279 1279
119101 1279 1279
119109 1279 1279
119117 1279 1279
119126 1279 1279
119134 1279 1279
119142 1279 1279
119150 1279 1279
119158 1279 1279
119167 1279 1279
119175 1279 1279
119183 1279 1279
119191 1279 1279
119199 1279 1279
119208 1279 1279
119216 1279 1279
119224 1279 1279
119232 1279 1279
119240 1279 1279
119249 1279 1279
119257 1279 1279
119265 1279 1279
119273 1279 1279
119281 1279 1279
119290 1279 1279
119298 1279 1279
119306 1279 1279
119314 1279 1279
119322 1279 1279
119331 1279 1279
119339 1279 1279
119347 1279 1279
119355 1279 1279
119363 1279 1279
119372 1279 1279
119380 1279 1279
119388 1279 1279
119396 1279 1279
119405 1279 1279
119413 1279 1279
119421 1279 1279
119429 1279 1279
119437 1279 1279
119446 1279 1279
119454 1279 1279
119462 1279 1279
119470 1279 1279
119478 1279 1279
119487 1279 1279
119495 1279 1279
119503 1279 1279
119511 1279 1279
119519 1279 1279
119528 1279 1279
119536 1279 1279
119544 1279 1279
119552 1279 1279
119560 1279 1279
119569 1279 1279
119577 1279 1279
119585 1279 1279
119593 1279 1279
119601 1279 1279
119610 1279 1279
119618 1279 1279
119626 1279 1279
119634 1279 1279
119642 1279 1279
119651 1279 1279
119659 1279 1279
119667 1279 1279
119675 1279 1279
119683 1279 1279
119692 1279 1279
119700 1279 1279
119708 1279 1279
119716 1279 1279
119724 1279 1279
119733 1279 1279
119741 1279 1279
119749 1279 1279
119757 1279 1279
119765 1279 1279
119774 1279 1279
119782 1279 1279
119790 1279 1279
119798 1279 1279
119806 1279 1279
119815 1279 1279
119823 1279 1279
119831 1279 1279
119839 1279 1279
119848 1279 1279
119856 1279 1279
119864 1279 1279
119872 1279 1279
119880 1279 1279
119889 1279 1279
119897 1279 1279
119905 1279 1279
119913 1279 1279
119921 1279 1279
119930 1279 1279
119938 1279 1279
119946 1279 1279
119954 1279 1279
119962 1279 1279
119971 1279 1279
119979 1279 1279
119987 1279 1279
119995 1279 1279
120003 1279 1279
120012 1279 1279
120020 1279 1279
120028 1279 1279
120036 1279 1279
120044 1279 1279
120053 1279 1279
120061 1279 1279
120069 1279 1279
120077 1279 1279
120085 1279 1279
120094 1279 1279
120102 1279 1279
120110 1279 1279
120118 1279 1279
120126 1279 1279
120135 1279 1279
120143 1279 1279
120151 1279 1279
120159 1279 1279
120167 1279 1279
120176 1279 1279
120184 1279 1279
120192 1279 1279
120200 1279 1279
120208 1279 1279
120217 1279 1279
120225 1279 1279
120233 1279 1279
120241 1279 1279
120249 1279 1279
120258 1279 1279
120266 1279 1279
120274 1279 1279
120282 1279 1279
120290 1279 1279
120299 1279 1279
120307 1279 1279
120315 1279 1279
120323 1279 1279
120331 1279 1279
120340 1279 1279
120348 1279 1279
120356 1279 1279
120364 1279 1279
120372 1279 1279
120381 1279 1279
120389 1279 1279
120397 1279 1279
120405 1279 1279
120414 1279 1279
120422 1279 1279
120430 1279 1279
120438 1279 1279
120446 1279 1279
120455 1279 1279
120463 1279 1279
120471 1279 1279
120479 1279 1279
120487 1279 1279
120496 1279 1279
120504 1279 1279
120512 1279 1279
120520 1279 1279
120528 1279 1279
120537 1279 1279
120545 1279 1279
120553 1279 1279
120561 1279 1279
120569 1279 1279
120578 1279 1279
120586 1279 1279
120594 1279 1279
120602 1279 1279
120610 1279 1279
120619 1279 1279
120627 1279 1279
120635 1279 1279
120643 1279 1279
120651 1279 1279
120660 1279 1279
120668 1279 1279
120676 1279 1279
120684 1279 1279
120693 1279 1279
120701 1279 1279
120709 1279 1279
120717 1279 1279
120725 1279 1279
120734 1279 1279
120742 1279 1279
120750 1279 1279
120758 1279 1279
120766 1279 1279
120775 1279 1279
120783 1279 1279
120791 1279 1279
120799 1279 1279
120807 1279 1279
120816 1279 1279
120824 1279 1279
120832 1279 1279
120840 1279 1279
120848 1279 1279
120857 1279 1279
120865 1279 1279
120873 1279 1279
120881 1279 1279
120889 1279 1279
120898 1279 1279
120906 1279 1279
120914 1279 1279
120922 1279 1279
120930 1279 1279
120939 1279 1279
120947 1279 1279
120955 1279 1279
120963 1279 1279
120971 1279 1279
120980 1279 1279
120988 1279 1279
120996 1279 1279
121004 1279 1279
121012 1279 1279
121021 1279 1279
121029 1279 1279
121037 1279 1279
121045 1279 1279
121053 1279 1279
121061 1279 1279
121070 1279 1279
121078 1279 1279
121086 1279 1279
121094 1279 1279
121101 1279 1279
121110 1279 1279
121118 1279 1279
121125 1279 1279
121133 1279 1279
121141 1279 1279
121149 1279 1279
121157 1279 1279
121165 1279 1279
121173 1279 1279
121182 1279 1279
121190 1279 1279
121198 1279 1279
121206 1279 1279
121214 1279 1279
121223 1279 1279
121231 1279 1279
121239 1279 1279
121247 1279 1279
121255 1279 1279
121264 1279 1279
121272 1279 1279
121280 1279 1279
121288 1279 1279
121296 1279 1279
121305 1279 1279
121313 1279 1279
121321 1279 1279
121329 1279 1279
121337 1279 1279
121345 1279 1279
121353 1279 1279
121361 1279 1279
121369 1279 1279
121377 1279 1279
121385 1279 1279
121393 1279 1279
121401 1279 1279
121409 1279 1279
121416 1279 1279
121424 1279 1279
121432 1279 1279
121440 1279 1279
121448 1279 1279
121456 1279 1279
121464 1279 1279
121471 1279 1279
121479 1279 1279
121487 1279 1279
121495 1279 1279
121503 1279 1279
121511 1279 1279
121519 1279 1279
121527 1279 1279
121534 1279 1279
121542 1279 1279
121550 1279 1279
121558 1279 1279
121566 1279 1279
121574 1279 1279
121581 1279 1279
121589 1279 1279
121596 1279 1279
121604 1279 1279
121612 1279 1279
121620 1279 1279
121627 1279 1279
121635 1279 1279
121643 1279 1279
121651 1279 1279
121658 1279 1279
121666 1279 1279
121674 1279 1279
121682 1279 1279
121690 1279 1279
121697 1279 1279
121705 1279 1279
121712 1279 1279
121720 1279 1279
121728 1279 1279
121735 1279 1279
121743 1279 1279
121751 1279 1279
121759 1279 1279
121766 1279 1279
121774 1279 1279
121783 1279 1279
121791 1279 1279
121799 1279 1279
121807 1279 1279
121815 1279 1279
121824 1279 1279
121832 1279 1279
121840 1279 1279
121848 1279 1279
121856 1279 1279
121865 1279 1279
121873 1279 1279
121881 1279 1279
121889 1279 1279
121897 1279 1279
121906 1279 1279
121914 1279 1279
121922 1279 1279
121930 1279 1279
121938 1279 1279
121947 1279 1279
121955 1279 1279
121962 1279 1279
121970 1279 1279
121978 1279 1279
121986 1279 1279
121994 1279 1279
122002 1279 1279
122010 1279 1279
122018 1279 1279
122026 1279 1279
122034 1279 1279
122042 1279 1279
122050 1279 1279
122057 1279 1279
122066 1279 1279
122073 1279 1279
122081 1279 1279
122090 1279 1279
122097 1279 1279
122105 1279 1279
122113 1279 1279
122121 1279 1279
122129 1279 1279
122137 1279 1279
122145 1279 1279
122152 1279 1279
122161 1279 1279
122169 1279 1279
122177 1279 1279
122185 1279 1279
122193 1279 1279
122202 1279 1279
122210 1279 1279
122218 1279 1279
122226 1279 1279
122234 1279 1279
122243 1279 1279
122251 1279 1279
122259 1279 1279
122267 1279 1279
122275 1279 1279
122284 1279 1279
122292 1279 1279
122300 1279 1279
122308 1279 1279
122317 1279 1279
122325 1279 1279
122333 1279 1279
122341 1279 1279
122349 1279 1279
122358 1279 1279
122366 1279 1279
122374 1279 1279
122382 1279 1279
122390 1279 1279
122399 1279 1279
122407 1279 1279
122415 1279 1279
122423 1279 1279
122431 1279 1279
122440 1279 1279
122448 1279 1279
122456 1279 1279
122464 1279 1279
122472 1279 1279
122481 1279 1279
122489 1279 1279
122497 1279 1279
122505 1279 1279
122513 1279 1279
122522 1279 1279
122530 1279 1279
122538 1279 1279
122546 1279 1279
122554 1279 1279
122563 1279 1279
122571 1279 1279
122579 1279 1279
122587 1279 1279
122595 1279 1279
122604 1279 1279
122612 1279 1279
122620 1279 1279
122628 1279 1279
122636 1279 1279
122645 1279 1279
122653 1279 1279
122661 1279 1279
122669 1279 1279
122677 1279 1279
122686 1279 1279
122693 1279 1279
122701 1279 1279
122710 1279 1279
122718 1279 1279
122726 1279 1279
122734 1279 1279
122742 1279 1279
122751 1279 1279
122759 1279 1279
122767 1279 1279
122775 1279 1279
122783 1279 1279
122792 1279 1279
122800 1279 1279
122808 1279 1279
122816 1279 1279
122824 1279 1279
122833 1279 1279
122841 1279 1279
122849 1279 1279
122857 1279 1279
122865 1279 1279
122874 1279 1279
122882 1279 1279
122890 1279 1279
122898 1279 1279
122906 1279 1279
122915 1279 1279
122923 1279 1279
122931 1279 1279
122939 1279 1279
122947 1279 1279
122956 1279 1279
122964 1279 1279
122972 1279 1279
122980 1279 1279
122989 1279 1279
122997 1279 1279
123005 1279 1279
123013 1279 1279
123021 1279 1279
123030 1279 1279
123038 1279 1279
123046 1279 1279
123054 1279 1279
123062 1279 1279
123071 1279 1279
123079 1279 1279
123087 1279 1279
123095 1279 1279
123103 1279 1279
123112 1279 1279
123120 1279 1279
123128 1279 1279
123136 1279 1279
123144 1279 1279
123153 1279 1279
123161 1279 1279
123169 1279 1279
123177 1279 1279
123185 1279 1279
123194 1279 1279
123202 1279 1279
123210 1279 1279
123218 1279 1279
123226 1279 1279
123235 1279 1279
123243 1279 1279
123251 1279 1279
123259 1279 1279
123268 1279 1279
123276 1279 1279
123284 1279 1279
123292 1279 1279
123300 1279 1279
123309 1279 1279
123317 1279 1279
123325 1279 1279
123333 1279 1279
123341 1279 1279
123350 1279 1279
123358 1279 1279
123366 1279 1279
123374 1279 1279
123382 1279 1279
123391 1279 1279
123399 1279 1279
123407 1279 1279
123415 1279 1279
123423 1279 1279
123432 1279 1279
123440 1279 1279
123448 1279 1279
123456 1279 1279
123464 1279 1279
123473 1279 1279
123481 1279 1279
123489 1279 1279
123497 1279 1279
123506 1279 1279
123514 1279 1279
123522 1279 1279
123530 1279 1279
123538 1279 1279
123547 1279 1279
123555 1279 1279
123563 1279 1279
123571 1279 1279
123579 1279 1279
123588 1279 1279
123596 1279 1279
123604 1279 1279
123612 1279 1279
123620 1279 1279
123629 1279 1279
123637 1279 1279
123645 1279 1279
123653 1279 1279
123661 1279 1279
123670 1279 1279
123678 1279 1279
123686 1279 1279
123694 1279 1279
123702 1279 1279
123711 1279 1279
123719 1279 1279
123727 1279 1279
123735 1279 1279
123743 1279 1279
123752 1279 1279
123760 1279 1279
123768 1279 1279
123776 1279 1279
123784 1279 1279
123793 1279 1279
123801 1279 1279
123809 1279 1279
123817 1279 1279
123825 1279 1279
123834 1279 1279
123842 1279 1279
123850 1279 1279
123858 1279 1279
123866 1279 1279
123875 1279 1279
123883 1279 1279
123891 1279 1279
123899 1279 1279
123907 1279 1279
123916 1279 1279
123924 1279 1279
123932 1279 1279
123940 1279 1279
123948 1279 1279
123957 1279 1279
123965 1279 1279
123973 1279 1279
123981 1279 1279
123989 1279 1279
123997 1279 1279
124005 1279 1279
124013 1279 1279
124021 1279 1279
124029 1279 1279
124037 1279 1279
124045 1279 1279
124053 1279 1279
124061 1279 1279
124069 1279 1279
124077 1279 1279
124085 1279 1279
124093 1279 1279
124101 1279 1279
124109 1279 1279
124117 1279 1279
124125 1279 1279
124133 1279 1279
124141 1279 1279
124149 1279 1279
124157 1279 1279
124165 1279 1279
124172 1279 1279
124181 1279 1279
124189 1279 1279
124197 1279 1279
124204 1279 1279
124212 1279 1279
124220 1279 1279
124228 1279 1279
124236 1279 1279
124244 1279 1279
124252 1279 1279
124260 1279 1279
124268 1279 1279
124276 1279 1279
124284 1279 1279
124292 1279 1279
124300 1279 1279
124308 1279 1279
124316 1279 1279
124324 1279 1279
124331 1279 1279
124339 1279 1279
124347 1279 1279
124355 1279 1279
124364 1279 1279
124371 1279 1279
124379 1279 1279
124387 1279 1279
124395 1279 1279
124404 1279 1279
124412 1279 1279
124420 1279 1279
124428 1279 1279
124436 1279 1279
124445 1279 1279
124453 1279 1279
124461 1279 1279
124469 1279 1279
124477 1279 1279
124486 1279 1279
124494 1279 1279
124502 1279 1279
124510 1279 1279
124518 1279 1279
124527 1279 1279
124535 1279 1279
124543 1279 1279
124551 1279 1279
124559 1279 1279
124567 1279 1279
124575 1279 1279
124583 1279 1279
124591 1279 1279
124600 1279 1279
124608 1279 1279
124616 1279 1279
124624 1279 1279
124632 1279 1279
124641 1279 1279
124649 1279 1279
124657 1279 1279
124665 1279 1279
124673 1279 1279
124682 1279 1279
124690 1279 1279
124698 1279 1279
124706 1279 1279
124714 1279 1279
124723 1279 1279
124731 1279 1279
124739 1279 1279
124747 1279 1279
124755 1279 1279
124764 1279 1279
124772 1279 1279
124780 1279 1279
124788 1279 1279
124796 1279 1279
124805 1279 1279
124813 1279 1279
124821 1279 1279
124829 1279 1279
124837 1279 1279
124846 1279 1279
124854 1279 1279
124862 1279 1279
124870 1279 1279
124878 1279 1279
124887 1279 1279
124895 1279 1279
124903 1279 1279
124911 1279 1279
124919 1279 1279
124928 1279 1279
124936 1279 1279
124944 1279 1279
124952 1279 1279
124960 1279 1279
124969 1279 1279
124977 1279 1279
124985 1279 1279
124993 1279 1279
125001 1279 1279
125010 1279 1279
